Results for IDENTITY with DIFFERENTIAL_EVOLUTION 2D algorithm:
[1.4076893839845187e-30, 1.8356862497895587e-30, 1.6805091592823419e-28, 5.821068979969323e-29, 2.942663739344943e-28, 3.0561924547880353e-30, 6.993484463003138e-30, 1.0808194849762555e-28, 2.6081466201894137e-28, 2.03801419221064e-29, 2.381016640143149e-28, 9.413681999515632e-31, 6.870860174171468e-29, 1.8670745595211494e-29, 1.9490812409306784e-28, 1.7890891018146022e-28, 4.977397027174271e-29, 5.0474673180664296e-30, 6.896792610337248e-30, 6.662386234094383e-29, 2.92467868301537e-29, 1.3453988876532043e-29, 5.59194409746192e-30, 7.9855421418818e-29, 1.769019683791479e-29, 4.948381621477141e-28, 9.762080569511915e-29, 1.4951630953222024e-30, 5.426681490144582e-31, 1.763304823526387e-29]
AVG = 8.365491588009284e-29
Results for LINEAR with DIFFERENTIAL_EVOLUTION 2D algorithm:
[1.3730708806035813e-31, 5.652160956053896e-28, 8.725655183877468e-28, 1.4497683759344128e-28, 1.4836883242025355e-31, 3.799862603880966e-28, 6.582448465385466e-29, 5.3683480184227e-30, 9.956742905499089e-30, 7.734311148870089e-30, 4.9396087506286494e-30, 2.4308859879284647e-28, 6.503733621372884e-29, 4.670946163399302e-30, 3.4376547825668623e-29, 3.56741598071183e-28, 3.872232574583152e-31, 4.322026939587344e-28, 1.4917315885124199e-29, 1.0856708784331061e-28, 2.7405076598455474e-30, 1.2205611351844735e-29, 2.2958246974737875e-29, 7.154476677685147e-29, 1.4789450718008387e-29, 2.029871099355967e-29, 1.333547717451682e-28, 4.015446456051558e-29, 1.3631251255987897e-29, 8.890892230671208e-28]
AVG = 1.5125367454958412e-28
Results for PARABOLA with DIFFERENTIAL_EVOLUTION 2D algorithm:
[1.2651654785822175e-56, 1.4233774114919895e-58, 1.4990827891264863e-58, 6.398011065518793e-59, 1.9443429561661033e-60, 5.971632265513025e-63, 2.8291353740397684e-60, 1.1031612018257568e-54, 1.19301200017329e-59, 5.511930145237663e-59, 4.193399454920813e-59, 3.6521130192875836e-58, 3.5894839292201914e-60, 2.8838833680730454e-54, 4.678893290903271e-59, 1.024794017246698e-59, 5.483416043633002e-56, 3.399267118646267e-55, 6.042410887113578e-56, 1.7256241177447313e-61, 4.143843953610429e-56, 1.3661635858223884e-54, 2.1419743722834102e-57, 7.870540774855225e-62, 1.6934313505716715e-60, 3.737181457562128e-57, 2.9338258415118395e-62, 5.091826537443617e-64, 1.1942883014850467e-58, 5.009796234127021e-56]
AVG = 1.973159193139569e-55
Results for SINUS with DIFFERENTIAL_EVOLUTION 2D algorithm:
[-0.9999950502425838, -0.9999999993994361, -0.99999982934318, -0.9999861386460065, -0.9999923182297766, -1.0, -0.9999976565127912, -0.9999644318115622, -0.999998950233431, -0.9999996946809739, -0.9999992981904647, -0.9999991714849759, -0.9999467792829406, -0.9999844673891707, -0.9999993580298465, -0.9999853238995878, -0.9999954789539156, -0.99999227912372, -0.9999916228522125, -0.9999999942916947, -1.0, -0.9999875385935343, -0.9998823702073993, -0.9999995007943618, -0.9999999896084619, -0.9999987642844684, -0.9999838539048604, -0.9999999249108914, -0.9999998423834782, -0.9999730637231976]
AVG = -0.9999884230336309
Results for COSINUS with DIFFERENTIAL_EVOLUTION 2D algorithm:
[-0.9999999883146222, -0.9999994024169745, -0.9999961512498287, -0.9999999098070312, -0.999999999637965, -0.9999999995285437, -0.999998483098606, -0.9999999228944083, -0.9999981549775264, -0.9999999999998714, -0.9999997358415926, -0.9999646595098298, -0.9999776762965293, -0.9999963196396473, -0.9999992161896153, -0.9999993506284381, -0.9999999720330841, -0.9999975645169966, -0.9999999555409793, -0.9999933237534341, -0.9999986486994772, -0.9999980388616864, -0.999999757503076, -0.9999992904990113, -0.9999900915218743, -0.9999985420180909, -0.9999921265039382, -0.9999985969056006, -0.9999994943221822, -1.0]
AVG = -0.9999964790903486
Results for EXPONENTIAL_GROWTH with DIFFERENTIAL_EVOLUTION 2D algorithm:
[1.0, 1.0, 1.0, 1.0, 1.0, 1.0, 1.0, 1.0, 1.0, 1.0, 1.0, 1.0, 1.0, 1.0, 1.0, 1.0, 1.0, 1.0, 1.0, 1.0, 1.0, 1.0, 1.0, 1.0, 1.0, 1.0, 1.0, 1.0, 1.0, 1.0]
AVG = 1.0
Results for EXPONENTIAL_DECAY with DIFFERENTIAL_EVOLUTION 2D algorithm:
[2.6787349564061637e-43, 2.6787349564061637e-43, 2.6787349564061637e-43, 2.6787349564061637e-43, 2.6787349564061637e-43, 2.6787349564061637e-43, 2.6787349564061637e-43, 2.6787349564061637e-43, 2.6787349564061637e-43, 2.6787349564061637e-43, 2.6787349564061637e-43, 2.6787349564061637e-43, 2.6787349564061637e-43, 2.6787349564061637e-43, 2.6787349564061637e-43, 2.6787349564061637e-43, 2.6787349564061637e-43, 2.6787349564061637e-43, 2.6787349564061637e-43, 2.6787349564061637e-43, 2.6787349564061637e-43, 2.6787349564061637e-43, 2.6787349564061637e-43, 2.6787349564061637e-43, 2.6787349564061637e-43, 2.6787349564061637e-43, 2.6787349564061637e-43, 2.6787349564061637e-43, 2.6787349564061637e-43, 2.6787349564061637e-43]
AVG = 2.678734956406163e-43
Results for SIGMOID with DIFFERENTIAL_EVOLUTION 2D algorithm:
[0.5, 0.5, 0.5, 0.5, 0.5, 0.5, 0.5, 0.5, 0.5, 0.5, 0.5, 0.5, 0.5, 0.5, 0.5, 0.5, 0.5, 0.5, 0.5, 0.5, 0.5, 0.5, 0.5, 0.5, 0.5, 0.5, 0.5, 0.5, 0.5, 0.5]
AVG = 0.5
Results for TRIANGLE with DIFFERENTIAL_EVOLUTION 2D algorithm:
[-0.9971834499318106, -0.9996024393959217, -0.9997768322246046, -0.998412589021072, -0.9973461557096783, -0.9998997409718697, -0.9973265103491258, -0.998710565845542, -0.9992121150323214, -1.0, -0.9961957796172101, -0.9972604480406062, -0.9958480351613446, -0.9977494487203558, -0.98794295844489, -0.9996665747251541, -0.9991283479191964, -0.9985401139115453, -0.9956094000765887, -0.9987004355561879, -0.9952662667869134, -0.9986012528642618, -0.9990630699699636, -0.9961652506150074, -0.9989226366752888, -0.9997755595543083, -0.9976811502951293, -0.9943867911866136, -0.9999134159267413, -0.9972616078305521]
AVG = -0.9977049647453268
Results for QUADRATIC_SINE with DIFFERENTIAL_EVOLUTION 2D algorithm:
[-1.2990347008401937, -1.299038105600655, -1.2990366712938073, -1.2989921556884272, -1.2990358625702887, -1.299037353301359, -1.2990377286552224, -1.2990374355146308, -1.2990380136927022, -1.2987340350848648, -1.299022897929819, -1.299038105676658, -1.2989331833603348, -1.2981128526186636, -1.2990381054484286, -1.2990381011059222, -1.298787445916129, -1.2990380578260674, -1.2990380602328648, -1.2990289556829708, -1.2990369519500762, -1.2984879505768534, -1.298532673302561, -1.2990371895259833, -1.299037644387899, -1.2990176639379953, -1.298892344690012, -1.2970438900768277, -1.2990380808836073, -1.2990379305883955]
AVG = -1.2988753382653406
Results for GAUSSIAN_BELL with DIFFERENTIAL_EVOLUTION 2D algorithm:
[0.0, 0.0, 0.0, 0.0, 0.0, 0.0, 0.0, 0.0, 0.0, 0.0, 0.0, 0.0, 0.0, 0.0, 0.0, 0.0, 0.0, 0.0, 0.0, 0.0, 0.0, 0.0, 0.0, 0.0, 0.0, 0.0, 0.0, 0.0, 0.0, 0.0]
AVG = 0.0
Results for SAWTOOTH with DIFFERENTIAL_EVOLUTION 2D algorithm:
[-0.9977423167435973, -0.9988306045957671, -0.9995458725582154, -0.9982094496320713, -0.996486123531561, -0.9990858791900337, -0.9981221114244931, -0.9987062340074431, -0.9978291884214059, -0.9993770743237462, -0.999114768556268, -0.9992420646458697, -0.9991423319740989, -0.9973939934947111, -0.9993671151770336, -0.9991869524978085, -0.9995992284419515, -0.9961390597219264, -0.9968835258459308, -0.9980094838179383, -0.999553655296296, -0.9958405542176365, -0.999341294756789, -0.994782662215556, -0.9990915091514694, -0.998976642654327, -0.9986815148200492, -0.9969969507552321, -0.999015480955137, -0.9976864157630985]
AVG = -0.9982660019729154
Results for TANH with DIFFERENTIAL_EVOLUTION 2D algorithm:
[5.031911465339551e-29, 6.441221696489754e-28, 2.1818727248463177e-27, 1.529411594162753e-27, 1.3938622057663342e-28, 4.258257876350855e-26, 4.977887160815719e-28, 2.367432904557929e-28, 1.0864948347081461e-27, 3.69057801948834e-28, 6.216916958699349e-30, 8.783323306756395e-29, 1.225982569121542e-25, 7.764019300708873e-29, 7.6358207333210775e-28, 1.5782890070085094e-28, 2.2678000558897235e-28, 5.486938484944559e-29, 4.161629027285909e-28, 3.872435022816983e-29, 7.029633476661441e-28, 6.301268569594188e-26, 5.284529139484699e-29, 7.309208827214122e-28, 2.644501851201513e-27, 6.124905347934509e-28, 8.398088047178519e-29, 6.299049608415977e-25, 2.3596366192965186e-26, 5.039228259169198e-30]
AVG = 2.9836414161674e-26
Results for LOGISTIC_SIGMOID with DIFFERENTIAL_EVOLUTION 2D algorithm:
[0.5, 0.5, 0.5, 0.5, 0.5, 0.5, 0.5, 0.5, 0.5, 0.5, 0.5, 0.5, 0.5, 0.5, 0.5, 0.5, 0.5, 0.5, 0.5, 0.5, 0.5, 0.5, 0.5, 0.5, 0.5, 0.5, 0.5, 0.5, 0.5, 0.5]
AVG = 0.5
Results for QUADRATIC_GROWTH with DIFFERENTIAL_EVOLUTION 2D algorithm:
[1.0, 1.0, 1.0, 1.0, 1.0, 1.0, 1.0, 1.0, 1.0, 1.0, 1.0, 1.0, 1.0, 1.0, 1.0, 1.0, 1.0, 1.0, 1.0, 1.0, 1.0, 1.0, 1.0, 1.0, 1.0, 1.0, 1.0, 1.0, 1.0, 1.0]
AVG = 1.0
Results for QUADRATIC_DECAY with DIFFERENTIAL_EVOLUTION 2D algorithm:
[-19999.0, -19999.0, -19999.0, -19999.0, -19999.0, -19998.999999999993, -19999.0, -19999.0, -19999.0, -19999.0, -19999.0, -19999.0, -19999.0, -19998.999999999993, -19999.0, -19999.0, -19999.0, -19999.0, -19999.0, -19999.0, -19999.0, -19999.0, -19999.0, -19999.0, -19999.0, -19999.0, -19999.0, -19999.0, -19998.999999999993, -19999.0]
AVG = -19999.0
Results for SQUARE_ROOT with DIFFERENTIAL_EVOLUTION 2D algorithm:
[2.0179198074902871e-16, 4.662936542221966e-15, 6.283165125273892e-16, 6.468699084844213e-15, 1.4983729403329034e-14, 1.8841163428677423e-15, 6.182103206377382e-16, 1.292574609347668e-14, 4.343807854854063e-15, 2.297539852534683e-15, 6.563572970391809e-16, 2.717409754092937e-15, 2.2329116624826986e-15, 6.222704623084132e-15, 1.9482553065812425e-14, 9.325537106142324e-16, 6.878936681729825e-15, 1.5912145513326701e-15, 4.727958950514427e-15, 9.168902584073778e-15, 8.67002968050968e-15, 1.5572401028398015e-14, 1.7890278182570696e-14, 1.7256754339568724e-15, 7.193000969590912e-15, 5.247381126661968e-15, 8.227572669697967e-15, 4.951952474357662e-15, 5.094840370734627e-15, 2.8628825451699775e-15]
AVG = 6.035413711682241e-15
Results for CUBIC with DIFFERENTIAL_EVOLUTION 2D algorithm:
[7.014136498583662e-88, 2.4514181484651677e-83, 4.695306430877188e-92, 1.0035084430999058e-93, 3.596724332067317e-90, 1.3693446351208956e-80, 5.3342299962230345e-90, 1.617236015302488e-86, 9.81876466070423e-91, 1.760422427197367e-84, 6.230355911318986e-84, 2.7575607871080786e-86, 1.0401094371733943e-88, 7.387317322758981e-87, 6.978280555079295e-91, 8.44890250731661e-91, 4.414578865559513e-80, 6.1967805672243566e-86, 5.89089884716677e-82, 3.9393947571881816e-88, 1.3737116700224936e-82, 6.801929246590773e-85, 9.572327127104874e-81, 1.2659889209181697e-88, 4.958031107847501e-81, 2.5241507375744266e-89, 1.4914979808366776e-83, 5.749044353344109e-90, 2.8350941088592487e-86, 1.3167179132705818e-85]
AVG = 2.4381476306770674e-81
Results for LOGARITHMIC with DIFFERENTIAL_EVOLUTION 2D algorithm:
[0.0, 0.0, 0.0, 0.0, 0.0, 0.0, 0.0, 0.0, 0.0, 0.0, 0.0, 0.0, 0.0, 0.0, 0.0, 0.0, 0.0, 0.0, 0.0, 0.0, 0.0, 0.0, 0.0, 0.0, 0.0, 0.0, 0.0, 0.0, 0.0, 0.0]
AVG = 0.0
Results for POWER with DIFFERENTIAL_EVOLUTION 2D algorithm:
[1.7508291509164135e-89, 6.2988955302943986e-83, 2.0540830400943695e-90, 2.750238893155087e-87, 1.1384441825548905e-85, 4.093935022247739e-84, 1.418763021940249e-85, 4.677262133566637e-86, 2.0943944228178402e-91, 6.199331056658796e-86, 1.5129696925864536e-88, 6.322120555246188e-91, 1.5112863660221704e-92, 4.6199866617760814e-88, 1.4762828517410673e-85, 1.960754214860204e-87, 1.1002443737564692e-88, 7.903116059345352e-91, 1.4589212951496868e-87, 1.045651263231839e-89, 1.8051548931677347e-86, 2.4434893558487446e-83, 5.919228858483999e-84, 3.129144391984306e-85, 5.595293653597327e-90, 1.4159774090362233e-88, 1.0075436425882557e-86, 1.5613754393612165e-84, 1.7695743924234677e-82, 1.0017518603865197e-86]
AVG = 9.227535779934353e-84
Results for REULEAUX_TRIANGLE with DIFFERENTIAL_EVOLUTION 2D algorithm:
[1.0, 1.0, 1.0, 1.0, 1.0, 1.0, 1.0, 1.0, 1.0, 1.0, 1.0, 1.0, 1.0, 1.0, 1.0, 1.0, 1.0, 1.0, 1.0, 1.0, 1.0, 1.0, 1.0, 1.0, 1.0, 1.0, 1.0, 1.0, 1.0, 1.0]
AVG = 1.0
Results for DIRICHLET with DIFFERENTIAL_EVOLUTION 2D algorithm:
[-0.21721423217226707, -0.21723362821122166, -0.21723362821122166, -0.21723362821122166, -0.21723362821122166, -0.21722433896473956, -0.21723362821122166, -0.21723362810325256, -0.21723362777239127, -0.21723362821122166, -0.21723362821122166, -0.21719675383655387, -0.2172336265411168, -0.21723362821122166, -0.21723362821122166, -0.21723362821122166, -0.21723362821122166, -0.21723362821122166, -0.21723362821122166, -0.21723362821122166, -0.21723362821122166, -0.21723362821122166, -0.21723360544362483, -0.2172336280488788, -0.21723362821122166, -0.21723362821122166, -0.21723362821122166, -0.21723362821122166, -0.21723362821122166, -0.21723362821122166]
AVG = -0.2172314420509901
Results for LOGARITHMIC_GROWTH with DIFFERENTIAL_EVOLUTION 2D algorithm:
[0.0, 0.0, 0.0, 0.0, 0.0, 0.0, 0.0, 0.0, 0.0, 0.0, 0.0, 0.0, 0.0, 0.0, 0.0, 0.0, 0.0, 0.0, 0.0, 0.0, 0.0, 0.0, 0.0, 0.0, 0.0, 0.0, 0.0, 0.0, 0.0, 0.0]
AVG = 0.0
Results for LOGARITHMIC_DECAY with DIFFERENTIAL_EVOLUTION 2D algorithm:
[-4.9587899613095745, -4.9587899613095745, -4.9587899613095745, -4.9587899613095745, -4.9587899613095745, -4.9587899613095745, -4.9587899613095745, -4.9587899613095745, -4.9587899613095745, -4.9587899613095745, -4.9587899613095745, -4.9587899613095745, -4.9587899613095745, -4.9587899613095745, -4.9587899613095745, -4.9587899613095745, -4.9587899613095745, -4.9587899613095745, -4.9587899613095745, -4.9587899613095745, -4.9587899613095745, -4.9587899613095745, -4.9587899613095745, -4.9587899613095745, -4.9587899613095745, -4.9587899613095745, -4.9587899613095745, -4.9587899613095745, -4.9587899613095745, -4.9587899613095745]
AVG = -4.958789961309575
Results for INVERTED_SINE with DIFFERENTIAL_EVOLUTION 2D algorithm:
[-0.999999944491861, -0.9999996001629216, -0.9999998828020914, -0.9999944434542145, -0.9999994216743255, -0.9999994877645655, -0.9999961895142405, -0.9999970294185936, -0.9999999337542156, -0.9999803536059266, -0.9999940808354617, -0.9999999538000419, -1.0, -0.9999994678549063, -0.9999940515309556, -0.9999961579273055, -0.9999925689707068, -0.9999995992134515, -0.999998722512056, -0.9998812082717549, -0.9999883775335484, -0.9999962809928965, -0.9999905113058285, -0.999884473659725, -0.9999999450122037, -0.9999588653279413, -0.999945770261948, -0.9999966004128482, -0.9999970264201331, -0.9999999967856921]
AVG = -0.9999859981757454
