Results for SCHAFFER_F7 with DIFFERENTIAL_EVOLUTION 2D algorithm:
[1.809168872983312e-27, 9.279305816290152e-29, 1.2278808127943992e-27, 7.832959972886465e-29, 2.6597900382902405e-30, 2.2076701423225588e-28, 2.538900994261341e-29, 4.068838668817403e-27, 7.512660101279395e-28, 1.9211905043145622e-27, 3.860470458349964e-29, 2.9456389374853493e-29, 2.071333249698738e-29, 1.6858810645533018e-28, 3.0841534384408304e-28, 1.170334684331798e-30, 3.4798347111217864e-29, 2.9483253071715217e-29, 1.1148719659514073e-29, 3.92236469816507e-27, 1.0105228015481522e-28, 1.1098837559180473e-27, 1.5267915767114207e-28, 2.2873968980995172e-28, 1.2274115646253017e-25, 1.96742649344025e-29, 1.4902051928272972e-29, 1.0481248001430274e-26, 4.010752075828798e-27, 2.099884776476498e-29]
AVG = 5.121470438618659e-27
Results for GRIEWANK with DIFFERENTIAL_EVOLUTION 2D algorithm:
[0.05837135670995852, 0.0, 0.007396040334114895, 0.01734233567647203, 0.019719489248184674, 0.0010790758868446382, 0.007396040334114895, 0.007396040334114895, 0.017645987790603668, 0.0, 0.007396040334114895, 0.0, 0.007396040334114895, 0.007396040334114895, 0.0, 0.0, 0.0, 0.007396040334114895, 0.03945868819541676, 0.009764134494695265, 0.007396040334114895, 0.007396040334114895, 0.007396091513666714, 0.0, 0.007396040334114895, 0.007396040334114895, 0.0, 0.027125384395415453, 0.0, 0.047701104149072915]
AVG = 0.010898669724519815
Results for LEVY with DIFFERENTIAL_EVOLUTION 2D algorithm:
[1.4997597826618576e-32, 1.4997597826618576e-32, 1.4997597826618576e-32, 1.4997597826618576e-32, 1.4997597826618576e-32, 1.4997597826618576e-32, 1.4997597826618576e-32, 1.4997597826618576e-32, 1.4997597826618576e-32, 1.4997597826618576e-32, 1.4997597826618576e-32, 1.4997597826618576e-32, 1.4997597826618576e-32, 1.4997597826618576e-32, 1.4997597826618576e-32, 1.4997597826618576e-32, 1.4997597826618576e-32, 1.4997597826618576e-32, 1.4997597826618576e-32, 1.4997597826618576e-32, 1.4997597826618576e-32, 1.4997597826618576e-32, 1.4997597826618576e-32, 1.4997597826618576e-32, 1.4997597826618576e-32, 1.4997597826618576e-32, 1.4997597826618576e-32, 1.4997597826618576e-32, 1.4997597826618576e-32, 1.4997597826618576e-32]
AVG = 1.499759782661857e-32
Results for EGGHOLDER with DIFFERENTIAL_EVOLUTION 2D algorithm:
[-227.12310592055013, -227.12310592055013, -126.4238322097217, -126.4238322097217, -227.12310592055013, -227.12310592055013, -227.12310592055013, -126.4238322097217, -227.12310592055013, -227.12310592055013, -227.12310592055013, -126.4238322097217, -227.12310592055013, -227.12310592055013, -126.4238322097217, -227.12310592055013, -227.12310592055013, -227.12310592055013, -126.4238322097217, -227.12310592055013, -227.12310592055013, -126.4238322097217, -126.4238322097217, -227.12310592055013, -227.12310592055013, -227.12310592055013, -126.4238322097217, -126.42383220972168, -227.12310592055013, -227.12310592055013]
AVG = -193.55668135027398
Results for ROSENBROCK with DIFFERENTIAL_EVOLUTION 2D algorithm:
[2.255070006502411, 0.0, 0.0, 0.0, 0.0, 3.943764093984404e-08, 0.016125986276025368, 20.255049874636576, 0.0, 0.0, 0.0, 0.0, 0.0, 0.4414620468702256, 0.0, 0.0, 23.34495596928513, 5.352169792511026e-26, 0.0, 0.0, 0.0, 0.0, 3.0025455706321414e-14, 7.099748146989106e-30, 0.0, 0.39506292446071434, 1.6056096851850288e-15, 3.1453974772560576e-25, 0.0, 2.297302189840548e-07]
AVG = 1.5569242359066324
Results for ZAKHAROV with DIFFERENTIAL_EVOLUTION 2D algorithm:
[9.481150469414251e-54, 8.966849456488721e-57, 2.3404262549562936e-52, 1.028333847704762e-55, 2.5323100779606337e-56, 2.138051988893105e-54, 7.488955649768582e-62, 2.830141696538698e-51, 2.2481081701079335e-57, 4.182797714784435e-58, 1.449192114329898e-56, 1.132930784389552e-56, 9.093358691893681e-62, 4.368326829681195e-58, 4.236402159810124e-58, 1.1513419051308497e-57, 3.266248791307696e-58, 1.2525350517049376e-56, 7.827693312978501e-54, 7.879489471901611e-59, 1.0092617845064708e-58, 2.6875172569962075e-57, 1.9194300986137397e-56, 3.768779284784557e-57, 4.540031301487576e-58, 2.8774160072530293e-59, 1.692792747541633e-56, 7.204729737053192e-55, 1.19129014404761e-54, 7.125488439930715e-57]
AVG = 1.0285912741143772e-52
Results for SALOMON with DIFFERENTIAL_EVOLUTION 2D algorithm:
[3.4564701837868195e-27, 0.10047082280634952, 0.09987370626135693, 1.2467211215707486e-23, 0.09987334584681097, 0.09987334584681323, 0.004031181520069902, 2.7718622560602333e-20, 0.09987334584681097, 1.8094908732189604e-20, 0.0005884650443497229, 0.09987334584681097, 0.09987334584682556, 1.8446402373796494e-24, 1.063053999146077e-25, 0.09987334584681097, 0.09987334584681097, 0.10563226381909713, 0.09987334584681098, 0.09987696480446602, 4.63645095957353e-21, 1.6065357399949475e-26, 1.337592083025338e-26, 0.09987334584681097, 3.824579363035959e-29, 0.09997922584786222, 3.705825390783575e-20, 7.261086747004123e-23, 0.09987334584681097, 3.1674293539284803e-23]
AVG = 0.05030620295238927
Results for SCHAFFER_N2 with DIFFERENTIAL_EVOLUTION 2D algorithm:
[0.0, 0.0, 0.005299710396735435, 0.0, 0.0, 0.0, 0.0, 0.0, 0.0, 0.0, 0.0, 0.0, 0.006129438407270704, 0.004862669538700404, 0.0, 0.0, 0.0, 0.0, 0.0, 0.0, 0.0, 0.0, 0.0, 0.0, 0.0, 0.0, 0.0, 0.0007397448600555689, 0.0012720659684741231, 0.0]
AVG = 0.0006101209723745411
Results for SCHWEFEL with DIFFERENTIAL_EVOLUTION 2D algorithm:
[710.695836096891, 710.695836096891, 710.6958360968911, 710.6958360968911, 710.6958360968911, 710.6958360968911, 710.6958360968911, 710.6958360968911, 710.6958360968911, 710.695836096891, 710.6958360968911, 710.6958360968911, 710.6958360968911, 710.6958360968911, 710.6958360968911, 710.695836096891, 710.6958360968911, 710.6958360968911, 710.6958360968911, 710.6958360968911, 710.6958360968911, 710.695836096891, 710.6958360968911, 710.6958360968911, 710.695836096891, 710.695836096891, 710.6958360968911, 710.6958360968911, 710.6958360968911, 710.6958360968911]
AVG = 710.6958360968912
Results for DIXON_PRICE with DIFFERENTIAL_EVOLUTION 2D algorithm:
[3.697785493223493e-32, 3.697785493223493e-32, 3.697785493223493e-32, 3.697785493223493e-32, 3.697785493223493e-32, 3.697785493223493e-32, 3.697785493223493e-32, 3.697785493223493e-32, 3.697785493223493e-32, 3.697785493223493e-32, 3.697785493223493e-32, 3.697785493223493e-32, 3.697785493223493e-32, 3.697785493223493e-32, 3.697785493223493e-32, 3.697785493223493e-32, 3.697785493223493e-32, 3.697785493223493e-32, 3.697785493223493e-32, 3.697785493223493e-32, 3.697785493223493e-32, 3.697785493223493e-32, 3.697785493223493e-32, 3.697785493223493e-32, 3.697785493223493e-32, 3.697785493223493e-32, 3.697785493223493e-32, 3.697785493223493e-32, 3.697785493223493e-32, 3.697785493223493e-32]
AVG = 3.697785493223493e-32
