Results for SCHAFFER_F7 with DIFFERENTIAL_EVOLUTION 30D algorithm:
[100.57782360606063, 85.726122004576, 90.89153190109687, 107.23730043836352, 102.14542579682411, 86.2994419070356, 100.71665329711783, 103.07301627476615, 77.55849404945397, 127.94751416549461, 77.570161556043, 115.0507198133958, 113.41963733377258, 113.43808149814619, 64.6985237819279, 116.50523530794061, 95.78530905885167, 102.7298185989037, 93.0062629559049, 104.56428919299604, 72.63520089304645, 105.3863162881968, 108.54706128987083, 114.87725196753318, 103.38218608449448, 104.41058188290252, 100.7126515743752, 100.4736917020548, 114.4418707888071, 114.29730354102743]
AVG = 100.60351595169934
Results for GRIEWANK with DIFFERENTIAL_EVOLUTION 30D algorithm:
[1.076475597198884, 1.0897911578967932, 1.0435272909688045, 1.0389734933721304, 1.1066948209844085, 1.0953855468687228, 0.9842129756737645, 1.0957450442225074, 1.0681553514809696, 1.0345552832462948, 1.1292796736352615, 1.0380122490190968, 1.061092272994931, 1.0447156815128467, 1.1246349224210692, 1.0608768756699172, 1.050381107148223, 1.0543219531404275, 1.06466643919645, 1.0925854851629118, 1.1159683397754803, 1.0513057920259339, 1.0610792522438057, 1.1020832324785432, 1.0730336906517606, 1.1048603733215627, 1.068601607053363, 1.0815485076919096, 1.0541600424620376, 1.0639474768597943]
AVG = 1.0710223845459537
Results for LEVY with DIFFERENTIAL_EVOLUTION 30D algorithm:
[827.7966622037277, 911.5783865414818, 1270.3886874862271, 612.2563150034053, 1229.9568066319073, 610.7030412436718, 794.354120089575, 813.4615349967697, 3067.3001858624066, 488.751586054034, 675.6981863543978, 1123.7179975161166, 1008.5142962033134, 671.4041814308238, 339.18962284161864, 1226.8798675531798, 1630.0392192652473, 1104.8165483713071, 456.2850292798422, 386.2971897886828, 1575.3819345804156, 1330.1239719091118, 491.47496421122315, 733.4522682250449, 979.7863523363732, 602.1023136722442, 1155.9723172654678, 1440.1044668578033, 1155.6989965931602, 830.1679048708849]
AVG = 984.7884985079821
Results for EGGHOLDER with DIFFERENTIAL_EVOLUTION 30D algorithm:
[-1946.3577638845843, -1286.1649671896346, -1193.04001216285, -1210.753674280186, -1240.7176896954174, -1152.2519062052233, -1306.7332157572764, -1305.8788940511529, -1600.1740633047007, -1427.0554784775125, -1983.3059974536716, -1799.3007006702442, -1338.6957311481049, -1074.536611963847, -1372.083603476765, -1046.772947396939, -2282.8314876055874, -1272.9552546809523, -1182.4830830964402, -1383.2415113485708, -1480.0400239669457, -1568.6179589090225, -1227.1267745743885, -1169.6523230892778, -1243.2131446705478, -1309.3413319381505, -1349.2566873061883, -1363.800740051715, -1609.3284655356586, -1077.5933752314577]
AVG = -1393.4435139707673
Results for ROSENBROCK with DIFFERENTIAL_EVOLUTION 30D algorithm:
[2407706.0176955764, 2567493.519976821, 505149.92630343017, 2706645.4219102785, 16008081.525397379, 4569744.733018069, 1391272.156196509, 7882504.312063663, 4823211.8157736175, 3366834.7729309895, 1647320.4263933667, 898052.6970361647, 592251.270287303, 1204299.187219913, 3703143.300114837, 1038856.2440074965, 3456109.5851270705, 4558427.002207411, 3657825.7989364904, 17463432.470149547, 2429404.3315524156, 2112110.5167775303, 7073896.553440795, 1647365.6220898388, 12026174.652611176, 3937352.906261002, 2351935.1727449372, 3468107.9791057766, 2802803.7916744174, 2342896.4194151415]
AVG = 4154680.3376139654
Results for ZAKHAROV with DIFFERENTIAL_EVOLUTION 30D algorithm:
[50229.69296816588, 52140.46049325617, 39196.78334320742, 55845.060097448055, 39109.02704663109, 39702.51455716896, 52239.611667577316, 44523.47929693954, 37760.22053537145, 53084.40629593923, 37931.51553936949, 47043.6320445876, 49987.26198572671, 38466.823552685426, 49317.415198566196, 50922.02762088966, 54413.44584634966, 45081.72327071661, 54822.508972179494, 52282.98444514717, 55054.92963683987, 46594.881656337115, 37731.54098307603, 40198.232762985324, 25846.091116984775, 54120.48832302405, 46278.64330576872, 52786.28765679912, 43651.068096489376, 44031.334254892805]
AVG = 46346.469752370685
Results for SALOMON with DIFFERENTIAL_EVOLUTION 30D algorithm:
[4.10115928066305, 3.2088016836130477, 4.400203363805432, 3.78245292551267, 3.748906818784954, 3.7005202462016173, 3.542924298683387, 4.087893065657691, 3.642808028808214, 2.7001988812428515, 3.3052762387295456, 2.867369317032212, 3.433751991008818, 2.348208575014714, 4.126197021251676, 4.175693943725251, 4.399894978841409, 3.1371281724235027, 4.070753437302306, 4.744098212117928, 2.8093658491811273, 4.130341142024105, 3.305629641832761, 3.6070936533982367, 4.231409666584588, 3.6201983320206295, 4.006627145756222, 3.364942613243613, 3.8254619594141, 3.687238900641252]
AVG = 3.6704183128172305
Results for SCHAFFER_N2 with DIFFERENTIAL_EVOLUTION 30D algorithm:
[12.27166157738036, 12.126792128569104, 12.26565506426931, 12.190783916908048, 12.412751853625327, 12.273122912877625, 12.243429109462786, 12.567213873564906, 12.271056024037383, 12.620095618048582, 11.042125960896307, 12.461052429076545, 12.453562079424266, 11.994831346652722, 12.526328116866285, 12.573461916172462, 12.356555513175081, 12.06786148460636, 12.41748181268829, 12.601758334037093, 11.8790757103403, 12.441228677614548, 12.521425354707468, 12.589919620405968, 12.758719603938822, 12.568161376200603, 12.283667648240234, 12.332587533817824, 12.527654666990255, 12.26183191949757]
AVG = 12.330061772803079
Results for SCHWEFEL with DIFFERENTIAL_EVOLUTION 30D algorithm:
[11010.005342404222, 11131.069193239495, 10830.796685266178, 11097.04610696878, 10875.673273460148, 10996.5866096321, 10944.113732702745, 10985.154505371449, 11206.59099401868, 10936.87521905197, 11043.418389387845, 10942.498888157492, 11047.374183268961, 10887.558388866875, 10829.228567705637, 10935.174831307888, 10817.09738682628, 11020.660503244706, 11237.100114275836, 10775.81582878759, 11053.709809687587, 10992.378508573413, 10940.77504771332, 11004.84376580249, 11080.954308998545, 11107.394807667177, 11054.990618538157, 10843.868996774898, 11050.664227509229, 11156.633665163636]
AVG = 10994.53508334578
Results for DIXON_PRICE with DIFFERENTIAL_EVOLUTION 30D algorithm:
[654428.6504433834, 274402.33621984493, 4233510.387366742, 478195.41486717423, 687975.7831427549, 678978.0226710445, 592733.3064120578, 5804198.4747579945, 177967.54116245895, 958458.580715749, 3760465.475630374, 1398278.3780746711, 3084187.0983922253, 905928.5335354926, 312137.62986004254, 1396525.3454418331, 1349205.5566900098, 652797.0583909985, 4336303.170641066, 3413751.2180536645, 4450550.523687765, 1307918.3882536232, 1199902.0035206815, 190749.3124545461, 6915485.422342375, 1363678.559632163, 1100098.95839844, 3711948.9497374278, 868837.1260891927, 652508.2622794056]
AVG = 1897070.1822955066
