Results for SCHAFFER_F7 with DIFFERENTIAL_EVOLUTION_BEST 10D algorithm:
[23.779338638495144, 28.01698493895846, 51.406130441815705, 16.83985536696444, 20.070676509593262, 20.070676509593266, 67.87454886989278, 23.779338638495148, 38.30154704112224, 38.30154704112225, 23.779338638495144, 32.838283943039634, 11.624084963858163, 38.30154704112225, 59.18334542086054, 67.87454886989282, 38.30154704112224, 28.016984938958466, 77.55802914431692, 32.83828394303964, 32.83828394303964, 11.624084963858165, 23.779338638495148, 9.55341846261229, 88.31642252721865, 11.624084963858165, 44.468845993475966, 14.03913986052926, 67.87454886989278, 32.83828394303964]
AVG = 35.85710300355927
Results for GRIEWANK with DIFFERENTIAL_EVOLUTION_BEST 10D algorithm:
[0.18029492305193362, 0.34528119980981364, 0.40369816783808044, 0.711874951488397, 0.7627487300872422, 0.20006863048481816, 0.4349661973580169, 0.33138905120511597, 0.4132900961639896, 0.19266568370258386, 0.6624133669283989, 0.4980372639387274, 0.6017078929177333, 0.5483278663007605, 0.32259781853964187, 0.2328701924437402, 0.31186522524436366, 0.9098252792687616, 0.4085606569881871, 0.2044352887818217, 0.7209134502485492, 0.7756267004771777, 0.5748692242832281, 0.7471424295456399, 0.42295854602215577, 0.16008837821804145, 0.6009725594932218, 0.515583839656306, 0.7497021660854115, 0.8242707530516067]
AVG = 0.4923015509874489
Results for LEVY with DIFFERENTIAL_EVOLUTION_BEST 10D algorithm:
[70.87402675997059, 183.78907092764968, 99.31674536657859, 134.97602432043877, 31.497339504270446, 400.4262108077683, 26.902235658457908, 5.9850702565198155, 60.17229158382837, 16.031398827659626, 418.74753387660536, 27.03493894421673, 12.141022883895356, 66.28349844092322, 182.21129869724095, 70.77658721954224, 197.65309165696348, 28.470699427417458, 38.32364317862649, 88.74659240919505, 163.0454823852801, 162.83993520621678, 141.2731312901106, 101.73055711223735, 30.54748941982952, 103.65857501480622, 44.08310992049452, 199.2463074200199, 70.85828948143786, 122.81602572140709]
AVG = 110.01527412398696
Results for EGGHOLDER with DIFFERENTIAL_EVOLUTION_BEST 10D algorithm:
[-626.4984520604693, -706.0993818911296, -638.2404564678953, -612.7116726919287, -701.9527612995511, -769.643116493658, -944.0151875194599, -626.8413260059322, -670.435157349281, -794.4874374450429, -1080.524947155785, -765.63946383153, -599.7007292162053, -617.5117586122199, -650.2808353960456, -574.0903140803332, -651.1955752308965, -693.1958280500203, -582.4636527681004, -619.2514355543373, -605.0977766545766, -617.1842065218104, -694.3503490544144, -609.3472987047367, -669.179122009723, -773.3819337007135, -657.6550381501527, -732.3415136848997, -842.8735950223725, -726.5771468302501]
AVG = -695.0922489817822
Results for ROSENBROCK with DIFFERENTIAL_EVOLUTION_BEST 10D algorithm:
[69864354.74072778, 3611986.310214267, 10500589.094512027, 15920326.273829484, 169332.93947695807, 248155.06001293298, 11480847.250358323, 688087.7206203684, 3633253.1821892327, 1789424.6407106253, 27970874.675019722, 18685166.327898424, 14343864.504904978, 909380.4943998011, 863765.6042823088, 33866310.43268801, 824204.6773938459, 7902178.118133713, 2464333.853573402, 1278000.2056410536, 69998.49658630742, 355429.9232281301, 2387827.9041037634, 2700543.0610984485, 17427250.576260045, 7066828.227705255, 2369958.1955006095, 12249849.173133545, 46658217.326852664, 2246955.627094239]
AVG = 10684909.820605008
Results for ZAKHAROV with DIFFERENTIAL_EVOLUTION_BEST 10D algorithm:
[4356.9927340130225, 5171.252464268722, 18497.672359476186, 4323.874145950014, 5648.278168323897, 2297.7731656679025, 1807.3167889344438, 258.35766406023697, 9216.87432647682, 2070.0434101160245, 6359.447091018407, 10354.278150768356, 5513.975278947258, 5144.626129061959, 3095.324313433841, 1467.1126948642946, 1589.2133817834235, 4991.958162885308, 763.9680518757001, 7851.36932150168, 6393.786716031092, 3579.0068060270537, 3340.9244086419008, 513.5885291000412, 4495.557159492261, 1253.756065475366, 699.3733417008309, 4533.720417171336, 11082.21491475273, 4558.3124343013105]
AVG = 4707.664953204047
Results for SALOMON with DIFFERENTIAL_EVOLUTION_BEST 10D algorithm:
[2.199873345846811, 0.999873345846811, 1.499873345846811, 1.3998733458468111, 1.499873345846811, 1.8998733458468111, 1.5998733458468108, 6.399873345846811, 1.0998733458468108, 1.0998733458468108, 1.999873345846811, 0.499873345846811, 1.3998733458468111, 1.199873345846811, 3.399873345846811, 0.999873345846811, 1.199873345846811, 2.599873345846811, 2.4998733458468108, 0.999873345846811, 2.799873345846811, 0.699873345846811, 1.199873345846811, 2.099873345846811, 2.199873345846811, 1.5998733458468108, 1.999873345846811, 2.599873345846811, 0.899873345846811, 2.3998733458468107]
AVG = 1.8332066791801442
Results for SCHAFFER_N2 with DIFFERENTIAL_EVOLUTION_BEST 10D algorithm:
[1.623436319478683, 2.9786525729300255, 2.5704494638509967, 1.6015689723203652, 2.4912032290982764, 2.53443666831574, 2.997185143156712, 1.7219684836570717, 2.550602746135527, 3.035927275008789, 2.7931588211708696, 2.760992289709556, 3.5169281889372166, 2.9596839969643414, 2.8305786950406877, 1.4862007832277886, 2.558229455023439, 3.070540554022509, 2.267716410157998, 2.65944867123568, 2.0578189022484312, 3.458525499985003, 2.166728782410302, 2.629157586016833, 2.5042810143911574, 2.471539592310355, 1.9519292326914652, 1.3117752450419538, 2.7599900240891344, 1.538241979943351]
AVG = 2.461963219952342
Results for SCHWEFEL with DIFFERENTIAL_EVOLUTION_BEST 10D algorithm:
[3742.1377838022363, 3607.1513993015105, 3593.3107619301377, 3765.5241353378983, 3674.727326841825, 3751.875103312821, 3744.3831082846054, 3671.3204380088355, 3588.557701488163, 3705.2381437683975, 3695.689130193103, 3634.837545965628, 3722.2467055036313, 3714.9458025752933, 3698.7867564357775, 3793.1957019895735, 3678.5194334520343, 3778.553032744062, 3607.2790651620935, 3689.74220340548, 3703.1861394295, 3814.0853664108417, 3614.12730192688, 3643.925826957018, 3699.1767428087196, 3676.178423100232, 3725.2746617665825, 3689.694901007939, 3671.396437823528, 3678.6958646304984]
AVG = 3692.458764845495
Results for DIXON_PRICE with DIFFERENTIAL_EVOLUTION_BEST 10D algorithm:
[1331825.39362833, 4966397.18651227, 4692667.423547908, 1057282.67711971, 2004609.9481151074, 5307.093415781807, 2381445.9802474175, 8125.703000605359, 5744795.236690363, 609194.1311068991, 49466.55117209042, 16553.899236784455, 29916.58112513304, 966570.1824764127, 1612999.9206890701, 146283.0416865566, 5955017.34837916, 48074.71193047029, 10155.451921133988, 4151.990798533219, 23641279.416043878, 152412.1019653517, 1250575.4017252214, 16940962.724916656, 6120389.800365688, 182420.00086976268, 48738.46200710403, 262426.1281760098, 1554540.6298248132, 34947.9914436957]
AVG = 2727651.1036712644
