Results for IDENTITY with DIFFERENTIAL_EVOLUTION_BEST 10D algorithm:
[19.971714422948864, 27.580536042299098, 13.174026652301858, 30.026379915516493, 6.716240470290839, 13.671034250466002, 7.044170267791983, 13.782280886750645, 18.664490965848696, 29.70269833350104, 2.616424657922801, 5.38738613724686, 13.175721513062827, 39.951420030708846, 14.089100711694932, 15.614969819296896, 18.68713697680098, 7.131843954020777, 18.647645271508686, 18.44042170748254, 40.795692368155585, 34.809639496872215, 9.078292105521529, 39.67103493498045, 24.33039489066517, 43.118400518903414, 18.668240075248846, 13.023841264291242, 15.455601712559085, 24.279247825312776]
AVG = 19.910200939332398
Results for LINEAR with DIFFERENTIAL_EVOLUTION_BEST 10D algorithm:
[55.74075271115758, 23.120672748487667, 30.76122824624399, 12.439079847269625, 88.46091216655539, 38.328430471873034, 49.386111017087984, 27.186317324740624, 60.375513246428405, 41.468535582433525, 14.39542961106414, 18.992474448104556, 25.006710274892672, 26.73829794115006, 6.383454203668462, 39.129346115013405, 29.1330903783155, 101.10017245094579, 32.17142490395924, 49.537217077535765, 9.664672111448883, 20.05930316951987, 22.273709775537032, 59.914844086875654, 39.549401170699156, 33.104398474867736, 70.5494040039232, 5.743775279760409, 29.094420778143157, 36.991870829114404]
AVG = 36.560032348227224
Results for PARABOLA with DIFFERENTIAL_EVOLUTION_BEST 10D algorithm:
[118.25424054385675, 226.45488945865375, 51.57152198528769, 91.79154813508572, 233.0398349369996, 572.6737049760661, 2724.346421868702, 489.21416909857953, 200.15526739226692, 657.422424950805, 112.15525252839163, 93.64460653814854, 221.05514929760685, 1429.4728098217347, 67.7744132361724, 243.30338041448366, 1147.0884726430086, 80.63382816379698, 513.2683904507244, 519.6541278585855, 513.0306652744333, 181.57860180884603, 171.54018076904723, 589.9436553634931, 294.55990144785727, 2663.1906579981155, 104.17999760948855, 831.261629851543, 44.81271766543057, 202.75124244399646]
AVG = 512.9941234843735
Results for SINUS with DIFFERENTIAL_EVOLUTION_BEST 10D algorithm:
[-0.9999926109119147, -0.9999999551567629, -0.9999996559433787, -0.9999995312981236, -0.9999996353901016, -0.9999956084600117, -0.999999803740167, -0.9999999086842407, -0.9999999887134158, -0.9999931788030292, -0.999999999962641, -0.9999993650035361, -0.999998732970689, -0.9999991522771912, -0.9999968569133474, -0.9999993504506465, -0.9999999490237758, -1.0, -0.9999983022180303, -0.9999999826709073, -0.9999995782590361, -0.9999987527668217, -0.999999963496534, -0.9999975508310628, -0.9999998965329218, -0.9999997327650816, -0.9999991609144548, -0.9999935086233889, -0.9999999980207005, -0.999999868433196]
AVG = -0.9999986526411705
Results for COSINUS with DIFFERENTIAL_EVOLUTION_BEST 10D algorithm:
[-0.9999998107749086, -0.9999999406803125, -0.9999999591842409, -0.9999999989745141, -1.0, -1.0, -0.9999999999983262, -0.9999985459276916, -1.0, -0.9999981208092821, -0.9999982941854956, -0.9999999828203023, -0.9999992422514321, -0.9999793617290961, -0.9999999224162522, -0.9999931065377827, -0.9999999112983213, -0.9999999795128793, -0.9999995478746032, -0.9999986880370378, -0.9999935811991375, -0.9999979224689304, -0.9999989312120999, -1.0, -0.999999743152041, -0.9999943113777173, -0.9999983855182397, -0.9999985562216681, -0.9999994929312989, -0.9999997844982798]
AVG = -0.9999981707197296
Results for EXPONENTIAL_GROWTH with DIFFERENTIAL_EVOLUTION_BEST 10D algorithm:
[1474793924.5140402, 4241212667.6491694, 11674.507555324419, 91.45232048557857, 6309612642.614536, 4235.2479072416345, 17289430.528029103, 344192420.21344167, 117235.79022285008, 393288518.7476831, 6385.226184432224, 37488356.35240888, 16944224.618717406, 31613.182282541427, 82.47620298410752, 8340.088123640304, 5444.043681694623, 72719264.84505841, 567.3377537788198, 19766.92854983391, 375351.4038818304, 2.2290744169048615, 150306612103.85602, 148883.7722254768, 64.9462709329973, 4351756.49437559, 267994268.96265933, 1197703746.7906094, 330304.97874646494, 69.95189598022135]
AVG = 5489508781.324987
Results for EXPONENTIAL_DECAY with DIFFERENTIAL_EVOLUTION_BEST 10D algorithm:
[3.831679454650823e-95, 4.14450191267064e-92, 1.295721099942814e-94, 4.8374862096577466e-91, 2.4179939908030765e-92, 3.7022502089171847e-91, 1.685825259475716e-92, 1.3208546098198573e-93, 1.6779454525732187e-95, 6.205079680782673e-91, 4.3737641632072005e-93, 3.6029464808933405e-90, 2.538059070361619e-92, 3.654402164151751e-88, 6.3415534609213e-94, 1.0335492563380268e-90, 3.607790700899384e-90, 1.8860908487409706e-92, 1.377626188501609e-91, 3.331585665539696e-93, 5.693638882431587e-92, 1.8533692392791668e-92, 4.7853491595700095e-92, 1.1270987351778834e-91, 2.0409446276417607e-90, 7.558217849477944e-95, 1.4932020318668728e-93, 7.37563538059821e-90, 3.9060729437648407e-94, 5.60820793487309e-94]
AVG = 1.2836281682930826e-89
Results for SIGMOID with DIFFERENTIAL_EVOLUTION_BEST 10D algorithm:
[1.0, 1.0, 1.0, 1.0, 1.0, 1.0, 1.0, 1.0, 1.0, 1.0, 1.0, 1.0, 1.0, 1.0, 1.0, 1.0, 1.0, 1.0, 1.0, 1.0, 1.0, 1.0, 1.0, 1.0, 1.0, 1.0, 1.0, 1.0, 1.0, 1.0]
AVG = 1.0
Results for TRIANGLE with DIFFERENTIAL_EVOLUTION_BEST 10D algorithm:
[-0.9993671276035059, -0.9993736753712881, -0.9999317284978417, -0.9983021397302707, -0.9999336830968275, -1.0, -0.9998119966521699, -1.0, -0.9997697769259162, -0.9998781773495011, -0.9999371284123981, -0.999711828629188, -0.9996950543860237, -0.9995615759956138, -0.9997252374833465, -0.9997060905712942, -0.9996934462765523, -0.999878011902922, -0.9995315416470874, -0.9985753947161413, -0.9996670752957186, -0.9998336250942828, -0.9989819766946368, -0.9999999808137261, -0.9996863303856287, -0.9999866261776162, -0.9991116195481027, -0.9989230987694953, -0.9997263428980148, -0.9998227543757139]
AVG = -0.9996041015100274
Results for QUADRATIC_SINE with DIFFERENTIAL_EVOLUTION_BEST 10D algorithm:
[-1.2990342061333107, -1.2990333629848867, -1.2990381001175229, -1.2990377490527174, -1.299038035357076, -1.2990300696459953, -1.2990359427060436, -1.2990365743801524, -1.2990356179163063, -1.2990378281080486, -1.2990380679872855, -1.2990378259398792, -1.2990310643924317, -1.2990377233025583, -1.2990380869154947, -1.299036207451773, -1.299038053891841, -1.2990377266313844, -1.299038105676658, -1.299037978916982, -1.299038105676658, -1.2990341248627744, -1.2990364338194438, -1.2990380355954942, -1.2990361901329133, -1.2990365906372736, -1.2990364100016731, -1.29903805473584, -1.299038102870691, -1.299038105676658]
AVG = -1.2990366160505922
Results for GAUSSIAN_BELL with DIFFERENTIAL_EVOLUTION_BEST 10D algorithm:
[0.0, 0.0, 0.0, 0.0, 0.0, 0.0, 0.0, 0.0, 0.0, 0.0, 0.0, 0.0, 0.0, 0.0, 0.0, 0.0, 0.0, 0.0, 0.0, 0.0, 0.0, 0.0, 0.0, 0.0, 0.0, 0.0, 0.0, 0.0, 0.0, 0.0]
AVG = 0.0
Results for SAWTOOTH with DIFFERENTIAL_EVOLUTION_BEST 10D algorithm:
[-0.9987113746348655, -0.9998756586568902, -0.9997376058979626, -0.9983145606028643, -0.9971958570832271, -0.9999678584825347, -0.9990339863531403, -0.9999028420567697, -0.9987531921585173, -0.9994158421454813, -0.9988029453098193, -0.9998375585678332, -0.9990179610789482, -0.9999674543142305, -0.9998853887094583, -0.999077462764717, -0.9999398859341682, -0.9998494652880936, -0.9993471589691012, -0.9992410303490828, -0.9992135724651234, -0.9991618589623386, -0.9999225292504548, -0.9998574125885966, -0.997988787783811, -0.9999527469698819, -0.9999779307451604, -0.999397829641623, -0.9998838475234493, -0.998857195501671]
AVG = -0.9993362933596605
Results for TANH with DIFFERENTIAL_EVOLUTION_BEST 10D algorithm:
[1.0, 1.0, 1.0, 1.0, 1.0, 1.0, 1.0, 1.0, 1.0, 1.0, 1.0, 1.0, 1.0, 1.0, 1.0, 1.0, 1.0, 1.0, 1.0, 1.0, 1.0, 1.0, 1.0, 1.0, 1.0, 1.0, 1.0, 1.0, 1.0, 1.0]
AVG = 1.0
Results for LOGISTIC_SIGMOID with DIFFERENTIAL_EVOLUTION_BEST 10D algorithm:
[1.0, 1.0, 1.0, 1.0, 1.0, 1.0, 1.0, 1.0, 1.0, 1.0, 0.9999999999999998, 1.0, 1.0, 1.0, 1.0, 1.0, 1.0, 1.0, 1.0, 1.0, 1.0, 1.0, 1.0, 1.0, 1.0, 1.0, 1.0, 1.0, 1.0, 1.0]
AVG = 1.0
Results for QUADRATIC_GROWTH with DIFFERENTIAL_EVOLUTION_BEST 10D algorithm:
[362.5268406464035, 783.2838252459927, 1093.0512096023053, 485.3810655179442, 299.26612501483737, 19.392950812078727, 873.9314989671439, 36.03190910865791, 2663.370355710966, 168.6649432821214, 80.81738259930663, 859.3170249375928, 128.8382912321078, 1885.2641509329394, 156.96796173049304, 245.06971566603946, 1092.1054542948164, 302.3378618932232, 1049.36947838333, 74.48554464983845, 204.9323027672529, 11.410950454171301, 1074.1098271625483, 50.38283661602399, 295.9748744372971, 411.4095039686951, 229.06703422483866, 758.9875548335348, 388.4773713722062, 22.309377461529554]
AVG = 536.8845074508746
Results for QUADRATIC_DECAY with DIFFERENTIAL_EVOLUTION_BEST 10D algorithm:
[-89957.8029907431, -93714.92741432018, -93586.78868434599, -81288.13520354229, -85752.90490387044, -93042.06911460622, -88993.22554487747, -98085.13288490784, -93417.81332831098, -96669.08184707363, -80924.1274091444, -94253.8133101611, -97564.67266864762, -93146.82423496697, -96785.61542777215, -93620.84582095582, -88845.79347954367, -95103.67637291807, -75328.99703627138, -89271.19853683173, -85585.30919333547, -91597.42733036746, -94963.65330997863, -95333.6795032545, -88594.13885913385, -87280.21318300768, -87141.02625886237, -92939.80249839253, -89242.51905971013, -92360.09572973457]
AVG = -90813.04370465297
Results for SQUARE_ROOT with DIFFERENTIAL_EVOLUTION_BEST 10D algorithm:
[4.480911797744505, 5.960191231179556, 3.297009354135019, 4.045252369601129, 4.905954488444864, 3.382760575856326, 3.8372302471572173, 4.1161669735916915, 5.694516511786726, 5.235217074481795, 4.292553837197967, 3.615883017350347, 3.8801130085523092, 1.092327083871666, 3.0874048110533305, 5.142186452549136, 4.484607058266006, 4.645000877671331, 4.352524515432238, 8.378417110864035, 2.4836348900064316, 3.197918293774664, 5.127066934162422, 6.4966756855794605, 3.9231641533515247, 3.8198511749933597, 2.746648692148396, 2.6974118891317738, 3.4446144609052416, 2.4798942361667597]
AVG = 4.144770293566908
Results for CUBIC with DIFFERENTIAL_EVOLUTION_BEST 10D algorithm:
[22082.222699198526, 13798.954817753003, 2696.751200587061, 32521.16355593299, 9578.056960247488, 672.2449835394416, 13015.282522200778, 44116.65815423663, 13341.401744797899, 9138.729564076555, 3267.332559460199, 4139.321488663557, 17891.60675687882, 10357.508618941418, 22452.87513794388, 10081.39399732036, 13212.000540377248, 32.50493786867429, 999.4599779307407, 27213.90104312653, 15565.208969037752, 22926.813741363036, 12226.035625357874, 19195.689440188336, 11415.748339879052, 598.6157064674136, 3501.3181090985295, 437.8873239367622, 1070.824423305343, 4358.758037756058]
AVG = 12063.542365915731
Results for LOGARITHMIC with DIFFERENTIAL_EVOLUTION_BEST 10D algorithm:
[1.8531587370175122, 2.6751687497852483, 3.404709058618556, 3.5419157248645483, 2.4719248461345154, 2.456363321954823, 1.570550012150908, 2.41894213553267, 3.6204513144329913, 2.455638272728319, 2.7048089275326657, 2.704297998840488, 2.8003012770423186, 2.970611913884514, 1.5512287832576657, 3.499723621063983, 2.100426664353545, 2.172797537393536, 2.8920261369223557, 2.685595421040061, 1.6703514362314518, 2.7704690389556244, 2.5576804972081897, 3.917034383824072, 2.685327439510105, 3.2672644144959615, 3.5053300896302835, 3.9474713549677336, 2.2423331073831165, 2.697214975109502]
AVG = 2.7270372397289084
Results for POWER with DIFFERENTIAL_EVOLUTION_BEST 10D algorithm:
[3404.587153501158, 314.737161872223, 143.99955123418206, 23234.127669904978, 923.4982125726506, 52288.12390719402, 8259.488271514829, 30936.27653847897, 19056.637962161683, 180.25006445028995, 32232.168794840185, 6617.073440441917, 36794.45934860656, 643.8747273836608, 6125.074962429865, 1297.9083762817463, 5801.477778425497, 2984.9359041690536, 13139.862498517117, 24290.706169202684, 213.22247463115008, 1118.3673198769416, 1151.2613996178857, 9399.948925956767, 1724.9961795735767, 53215.88314468286, 3093.4724295122573, 28214.561507043396, 66578.28325669296, 1032.3014047163783]
AVG = 14480.385551182912
Results for REULEAUX_TRIANGLE with DIFFERENTIAL_EVOLUTION_BEST 10D algorithm:
[35.152666526622625, 9.546431090296121, 40.236181574545526, 20.212368962735773, 45.86066101818478, 37.686084626075186, 9.565293495959779, 8.080459550026948, 10.831432104266623, 34.10512043964942, 19.157916793837074, 14.686360341652914, 14.425152725416973, 26.326680823804676, 16.899880966992008, 13.240416268505703, 17.660425260773284, 31.221098446274993, 8.165828760773636, 32.572012455912656, 19.601986221426834, 15.634878053990093, 18.882430987374658, 13.481553493264087, 10.48585692383208, 11.379322546225458, 3.928563141601341, 16.000281112982513, 22.592732115073602, 27.104066214482895]
AVG = 20.157471434752008
Results for DIRICHLET with DIFFERENTIAL_EVOLUTION_BEST 10D algorithm:
[-0.023585068229016383, -0.033525135021398755, -0.023585068229016383, -0.04247961697761265, -0.023585068229016383, -0.04247961697761265, -0.02768973230114919, -0.013546344345139953, -0.018192146321803142, -0.04247961697761265, -0.023585068229016383, -0.04247961697761265, -0.018192146321803142, -0.011575680458467765, -0.02768973230114919, -0.04247961697761265, -0.033525135021398755, -0.04247961697761265, -0.033525135021398755, -0.014806733946549227, -0.023585068229016383, -0.012483713321778993, -0.018192146321803142, -0.011575680458467765, -0.018192146321803142, -0.02768973230114919, -0.057971802346153886, -0.033525135021398755, -0.02768973230114919, -0.020540454041753732]
AVG = -0.027764383550215783
Results for LOGARITHMIC_GROWTH with DIFFERENTIAL_EVOLUTION_BEST 10D algorithm:
[2.7633186933465104, 2.653764772528756, 3.282693585656087, 2.9286716781303173, 3.3806194526720645, 2.7332948129973467, 3.1195958687124907, 2.4297147075506276, 3.661644557935205, 3.4071031665789375, 2.611185249080676, 2.0421862612919224, 2.2680132795887245, 2.518474096875213, 1.4956736732490197, 2.155898346581788, 3.342163146856565, 2.714096287244191, 2.8092823638284017, 3.393020602835188, 3.426469425182908, 3.3599818383027884, 2.5600077331602833, 2.2102683347288847, 3.18232148696271, 3.6938509726563153, 2.557777217263512, 2.567900593201222, 2.6017343331795253, 3.026031982143838]
AVG = 2.8298919506774
Results for LOGARITHMIC_DECAY with DIFFERENTIAL_EVOLUTION_BEST 10D algorithm:
[-5.719531903280343, -5.686009706022699, -5.711456734169298, -5.733813421440584, -5.718858577133384, -5.737428414969856, -5.7111677476233345, -5.733824926310887, -5.73436539102813, -5.71787249046335, -5.738267939341108, -5.697887710023731, -5.724211434931428, -5.688450048058252, -5.735084770945437, -5.728739712367832, -5.71765046989171, -5.697897942613697, -5.732858308735101, -5.722692681603179, -5.70399351771486, -5.709946316891382, -5.731401923361858, -5.735223144012042, -5.704268770897297, -5.698413080516216, -5.707520847660908, -5.739690494445817, -5.717684791444131, -5.727610316236762]
AVG = -5.718794117804488
Results for INVERTED_SINE with DIFFERENTIAL_EVOLUTION_BEST 10D algorithm:
[-0.9999999506329689, -0.9999999797761149, -0.9999999361124253, -1.0, -0.9999999803263396, -1.0, -0.9999999682075394, -0.999999251213645, -0.9999999992979348, -0.9999783027280073, -0.9999984675745955, -0.9999998240294692, -0.9999999340686114, -0.9999864560153335, -0.999995357147409, -0.9999986936648029, -0.9999992886238083, -1.0, -0.9999998651816484, -0.9999990634691974, -0.9999993364712749, -0.9999999999999996, -0.9999999891797796, -0.9999990865850458, -0.9999996782003235, -0.999999811042165, -0.9999994115515409, -0.9999886260854873, -0.9999999998533338, -1.0]
AVG = -0.9999980085679601
Results for RASTRIGIN with DIFFERENTIAL_EVOLUTION_BEST 10D algorithm:
[994.9162440319459, 3591.186520640568, 6216.4194629857675, 1432.65071673251, 5261.914217818338, 6216.4194629857675, 2546.7977005015, 3223.178481572158, 2238.4306852110517, 1949.9491694270478, 10171.291817929394, 9603.970488561783, 2875.0478581482294, 4386.820340898595, 2238.4306852110517, 3591.186520640568, 10844.953099820124, 1432.65071673251, 7250.263955656764, 11130.693729035322, 805.8889810971688, 1203.8372425669465, 4386.820340898595, 6216.4194629857675, 1949.9491694270478, 1432.65071673251, 3979.068482397326, 4386.820340898595, 3979.068482397326, 1432.65071673251]
AVG = 4232.344860355826
Results for ACKLEY with DIFFERENTIAL_EVOLUTION_BEST 10D algorithm:
[20.185703700628125, 20.236972138315167, 20.22122075464097, 20.481352216466586, 19.974970226417863, 20.17877562509051, 20.249389034175202, 20.201824213450795, 20.158886480775458, 20.193699450987424, 13.467092449799612, 20.094785767493036, 20.2584891559187, 20.146786435380207, 20.263755980997015, 12.453967389277851, 20.19848445339203, 20.140734823485584, 20.246801966755275, 20.286255123485095, 20.043912623403706, 20.33030544922673, 20.19156988870318, 20.287059720312648, 20.07974498085353, 20.005211639713945, 20.16841355581702, 20.05781685510925, 20.168926955168335, 20.245835566484864]
AVG = 19.707291487390858
Results for MICHALEWICZ with DIFFERENTIAL_EVOLUTION_BEST 10D algorithm:
[-7.319672533660354, -8.315183399331932, -6.563262362222459, -8.457245258994437, -7.599829592894358, -7.38032583493178, -7.327905483433008, -7.577139181638427, -8.471194213455684, -6.8224662608137425, -7.868786768235872, -6.13845381256678, -7.583409997198466, -8.371501608160992, -6.674188671402239, -6.430240441178609, -7.089995835197566, -7.7582074671263745, -6.4025804881774, -7.364649254452911, -6.34627743675112, -8.47855005442349, -5.695156883235418, -8.01683924801974, -7.862477620269331, -8.791910916993027, -7.215515623455089, -7.80848464847206, -8.046671724816623, -6.522191220789421]
AVG = -7.410010461409956
