Results for IDENTITY with DIFFERENTIAL_EVOLUTION 30D algorithm:
[19.15776900345186, 10.595387243727135, 19.308700905025415, 23.917512022819114, 13.825631097517942, 19.27974525768646, 12.559798054199772, 10.937381492287454, 15.247804110681683, 14.119450845696866, 14.37451814348882, 21.867470922278365, 20.603220443955912, 18.51027850939911, 18.151596724680278, 16.434253240911193, 23.088541898986403, 11.946542515266936, 19.30583106391361, 16.516933858687747, 13.042066895507205, 21.265461720821225, 21.421522495999294, 17.34427561782175, 17.72012722104909, 15.308601524573827, 15.111830842768404, 25.082085352927127, 10.067220904437637, 13.349192222195784]
AVG = 16.98202507175878
Results for LINEAR with DIFFERENTIAL_EVOLUTION 30D algorithm:
[36.82050800395936, 25.72164627154913, 32.12299627327731, 33.835040725795906, 21.71954621920566, 26.992415446955917, 35.79154434956425, 28.91649593824291, 23.81107824140056, 31.23561733717166, 27.829546112220825, 29.326755626018947, 26.605842771579844, 26.681751610749807, 18.010430815445048, 25.733054528934044, 44.280232114592444, 41.0734118118689, 30.386560616597272, 38.292686310297, 31.974329453940065, 31.330392631310584, 41.69664466775411, 47.971846752118864, 28.806363643166026, 30.366972745924816, 25.4785940440183, 31.288044310322245, 21.48916015628446, 47.069462440716435]
AVG = 31.421965732366093
Results for PARABOLA with DIFFERENTIAL_EVOLUTION 30D algorithm:
[359.36353009732375, 408.14476819678185, 307.063501699622, 134.540267697156, 116.02470265941882, 342.17907397211286, 87.49392633440968, 186.44097436096231, 290.12186420125147, 278.85573929867707, 399.73762543307606, 160.76373734071996, 252.7767402694518, 373.08031700409055, 444.3550749607588, 251.21656832411105, 143.9727102684301, 460.675528394761, 175.54671065790774, 235.37060719636145, 208.15811477798732, 316.84130716023833, 176.68719596178187, 498.86117427775287, 475.9444110334803, 183.43107513538564, 160.74546799260136, 186.09040021754635, 256.1455390160883, 347.75107515524473]
AVG = 273.9459909698498
Results for SINUS with DIFFERENTIAL_EVOLUTION 30D algorithm:
[-0.9999999989847983, -0.9999999999878076, -0.9999999981993803, -0.9999999985231689, -0.999999999999957, -0.9999999999999994, -0.999999999992256, -0.9999999995608062, -0.9999999988425167, -0.9999999990484467, -0.999999999733262, -0.9999999997113489, -0.9999999998521987, -0.9999999997118272, -0.9999999942671266, -0.9999999999365526, -0.999999988815813, -0.9999999998851017, -0.9999999987091693, -0.9999999989556493, -0.9999999995739528, -0.9999999994842753, -0.9999999999106186, -0.9999999972408652, -0.9999999995454616, -0.9999999985441402, -0.9999999966765514, -0.9999999997770547, -0.9999999990996702, -0.9999999987524124]
AVG = -0.9999999987107396
Results for COSINUS with DIFFERENTIAL_EVOLUTION 30D algorithm:
[-0.9999999999842843, -0.9999999978647113, -0.9999999972243283, -0.9999999999892, -0.9999999999166722, -0.9999999971132515, -0.9999999990403458, -0.9999999999550162, -0.9999999997117422, -0.9999999987197172, -0.9999999963014394, -0.9999999999993583, -0.9999999983036694, -0.999999996710607, -0.9999999997743281, -0.9999999990381373, -0.9999999973791303, -0.9999999999878761, -0.9999999998945681, -0.9999999984118099, -0.9999999972915602, -0.999999999892844, -0.9999999998553063, -0.999999998554018, -0.999999999974224, -0.9999999464002518, -0.9999999995531493, -0.9999999999987307, -0.9999999999661865, -0.9999999960013317]
AVG = -0.9999999970935932
Results for EXPONENTIAL_GROWTH with DIFFERENTIAL_EVOLUTION 30D algorithm:
[29590.511763660044, 140312.44328259458, 7064668.417914686, 1176115.2877749626, 28193.92445881742, 29308.33740480129, 66975.98528941257, 4450.475774753455, 311378.65320302435, 2424.380287091003, 19680.116499305786, 1947.1881126258568, 4533.083045313243, 695.5040858278682, 18030.242838670973, 112580.25654491628, 63153.89551172982, 4733.852105997219, 1121025.6077271227, 15921.617419673696, 26867.199602575605, 5155.058195790765, 7669252.332735001, 1494752.5416918094, 8164.438624068855, 21736708.22950318, 31697.257451253598, 1328963.7311228323, 22175.942242187906, 7483129.0935055325]
AVG = 1667419.5201906406
Results for EXPONENTIAL_DECAY with DIFFERENTIAL_EVOLUTION 30D algorithm:
[4.071737820041507e-144, 9.874196596232575e-137, 3.1445444397062866e-139, 7.101735761899221e-140, 1.4840264737569656e-144, 1.6314436913886123e-137, 1.231397287829501e-133, 4.988918068468196e-154, 1.943769771211916e-144, 2.672106163035409e-138, 1.313732471495776e-147, 3.016169954936075e-139, 7.309755066860555e-147, 2.188085197190898e-139, 4.90571579430418e-144, 1.1212704238644137e-141, 1.5421379378971481e-148, 8.875009106647976e-148, 4.036155063929697e-141, 5.305600209914309e-142, 1.2387810322701078e-153, 4.339728485678718e-135, 2.717938426533688e-141, 5.041646178816433e-152, 4.596153587260463e-143, 1.858190142512006e-145, 1.6530125244004096e-139, 1.0028857274263278e-134, 4.7975428096998165e-138, 4.652195145803868e-140]
AVG = 4.587732225991599e-135
Results for SIGMOID with DIFFERENTIAL_EVOLUTION 30D algorithm:
[1.0, 1.0, 1.0, 1.0, 1.0, 1.0, 1.0, 1.0, 1.0, 1.0, 1.0, 1.0, 1.0, 1.0, 1.0, 1.0, 1.0, 1.0, 1.0, 1.0, 1.0, 1.0, 1.0, 1.0, 1.0, 1.0, 1.0, 1.0, 1.0, 1.0]
AVG = 1.0
Results for TRIANGLE with DIFFERENTIAL_EVOLUTION 30D algorithm:
[-0.9999613641881524, -0.9999996393314063, -0.9999825519907404, -0.9998714531539576, -0.9999900366562997, -0.9999356939389372, -0.9999632250343211, -0.9999644994277332, -0.9999947904708506, -0.9999590169653629, -0.9999898552360946, -0.9998530986114815, -0.9999857720753766, -0.9999870600302074, -0.9999349095007233, -0.9999352280378275, -0.9999996321660092, -0.9999848810421099, -0.999966750192641, -0.9999752257787122, -0.9999906228940176, -0.9999806891856906, -0.9999960451082757, -0.9999497682180731, -0.9999986867077268, -0.9999462416439542, -0.9999705017874589, -0.9999736087833639, -0.9998716995830819, -0.9999968102060848]
AVG = -0.9999636452648891
Results for QUADRATIC_SINE with DIFFERENTIAL_EVOLUTION 30D algorithm:
[-1.2990381051479398, -1.2990381034064125, -1.2990381035117005, -1.2990381028250078, -1.2990381053798503, -1.2990381044628023, -1.2990381054089069, -1.299038105634252, -1.2990381046082764, -1.2990381007950902, -1.299038104333259, -1.2990381044058028, -1.2990380936370354, -1.2990381056692284, -1.2990381050902973, -1.2990381041514045, -1.2990380902158625, -1.2990381056620515, -1.2990381056766518, -1.299038102109825, -1.299038100352879, -1.299038104817757, -1.299038103648303, -1.29903810021094, -1.2990380972591038, -1.2990381021413908, -1.2990381016047094, -1.2990381045938468, -1.2990380615906119, -1.299038065324563]
AVG = -1.2990381001225255
Results for GAUSSIAN_BELL with DIFFERENTIAL_EVOLUTION 30D algorithm:
[0.0, 0.0, 0.0, 0.0, 0.0, 0.0, 0.0, 0.0, 0.0, 0.0, 0.0, 0.0, 0.0, 0.0, 0.0, 0.0, 0.0, 0.0, 0.0, 0.0, 0.0, 0.0, 0.0, 0.0, 0.0, 0.0, 0.0, 0.0, 0.0, 0.0]
AVG = 0.0
Results for SAWTOOTH with DIFFERENTIAL_EVOLUTION 30D algorithm:
[-0.9999341954659258, -0.9999674367223861, -0.9999997876695943, -0.9999583718508802, -0.9999871520971055, -0.9999686775979626, -0.9998671266648671, -0.9999970244055021, -0.9999796198966351, -0.9999945031511288, -0.9999806960748856, -0.9999601929994242, -0.9999610962346424, -0.999951357547161, -0.9999984402513746, -0.9999859552418684, -0.9999961060312899, -0.999991787548538, -0.9999959865200481, -0.9999941269394412, -0.999987568330198, -0.9999992946389966, -0.9999956632525482, -0.9999958148412134, -0.9999594649498249, -0.9999308081665959, -0.9999870293048616, -0.9999399156629352, -0.9999612965289089, -0.9999648979140829]
AVG = -0.9999730464833608
Results for TANH with DIFFERENTIAL_EVOLUTION 30D algorithm:
[1.0, 1.0, 1.0, 1.0, 1.0, 1.0, 1.0, 1.0, 1.0, 1.0, 1.0, 1.0, 1.0, 1.0, 1.0, 1.0, 1.0, 1.0, 1.0, 1.0, 1.0, 1.0, 1.0, 1.0, 1.0, 1.0, 1.0, 1.0, 1.0, 1.0]
AVG = 1.0
Results for LOGISTIC_SIGMOID with DIFFERENTIAL_EVOLUTION 30D algorithm:
[1.0, 1.0, 1.0, 1.0, 1.0, 1.0, 1.0, 1.0, 1.0, 1.0, 1.0, 1.0, 1.0, 1.0, 1.0, 1.0, 1.0, 1.0, 1.0, 1.0, 1.0, 1.0, 1.0, 1.0, 1.0, 1.0, 1.0, 1.0, 1.0, 1.0]
AVG = 1.0
Results for QUADRATIC_GROWTH with DIFFERENTIAL_EVOLUTION 30D algorithm:
[469.7793549400968, 321.1392841951802, 252.9717296320889, 484.37415098050127, 201.30329517169562, 446.68558473783486, 223.46299092965378, 118.26477241214877, 154.48208600137593, 294.21181802311906, 629.4776952121099, 153.25495932175994, 349.7446376007454, 199.91447751461467, 141.99124916192312, 460.70401000396134, 593.959146238128, 219.91719534141336, 183.4527608338218, 729.4953803826273, 412.3308190189816, 455.5249411100104, 384.2273099745909, 234.8221916857189, 557.6258382538657, 230.6649013201081, 362.05986434353935, 144.39206608534448, 204.70474396077228, 186.52011505558596]
AVG = 326.7153123147772
Results for QUADRATIC_DECAY with DIFFERENTIAL_EVOLUTION 30D algorithm:
[-234140.5386272934, -205984.57441927044, -200640.085895899, -203705.666665091, -209650.23167745926, -227407.18913250038, -199548.6733868704, -210615.59243916877, -211572.34869498032, -266427.6460339281, -217429.66213165334, -237762.7991683152, -239839.46756955184, -217856.09204734833, -199004.1824195794, -235237.801538835, -192512.70527533203, -218110.04285036935, -219211.75852691836, -213317.04898269885, -209224.45918681248, -222333.94703535674, -207608.15915136645, -218930.85254058088, -235493.80602384053, -232401.67763637306, -238100.11855148242, -222858.44996881235, -212055.84734536314, -211481.34160954016]
AVG = -219015.42555108634
Results for SQUARE_ROOT with DIFFERENTIAL_EVOLUTION 30D algorithm:
[4.010968559053044, 4.454177249003161, 4.175417603962531, 4.004855803455606, 3.5267715909233694, 3.3416221894165896, 4.076953916667815, 4.122171331773431, 3.8244125358796017, 4.6018956805866615, 4.14213507530781, 4.581632665767222, 3.768543033264784, 5.117633301507462, 4.585864105999457, 3.212076097541283, 3.3851993895659502, 3.7804661533651704, 4.286026176553277, 3.8373563652343416, 3.7656868735032916, 3.542198029927963, 3.981618723866146, 3.8472758644264937, 3.9588047652342655, 4.285043043960153, 3.2509605981543825, 3.173064348614716, 4.028678010300097, 4.075164869263743]
AVG = 3.9581557984026605
Results for CUBIC with DIFFERENTIAL_EVOLUTION 30D algorithm:
[6898.051631569153, 2327.59101375852, 1720.495812219492, 1767.4415415396056, 5718.708369367795, 4764.75401189823, 2227.174559994651, 11505.583992447313, 3853.5089745316773, 4244.273928856007, 6328.726322092469, 9479.552423824873, 5566.1749691111345, 8059.537540815927, 6493.445958537658, 6552.055377626313, 8730.94701378606, 2191.5488724713828, 11498.919175762678, 1742.898239360116, 7885.255756901831, 7439.029781730453, 10313.050494130668, 1608.5056793743372, 4336.53409622131, 3460.7203517819817, 8004.966560589769, 2431.684039494325, 4912.943347877586, 5480.4033208809005]
AVG = 5584.81610528514
Results for LOGARITHMIC with DIFFERENTIAL_EVOLUTION 30D algorithm:
[3.0544670106170826, 2.919941443121143, 2.903987908840646, 2.7005839160876066, 2.9280507488187295, 2.867341379047988, 3.0013693725269466, 2.9288152026616445, 2.522813790144165, 2.8432943187164703, 2.689255527320691, 2.674001967955229, 2.8644909892153994, 3.155740238683312, 2.64080080590515, 2.8077088909169947, 2.774939069106166, 3.065370683062962, 2.7227834886559803, 2.836707822825198, 2.5840127418497776, 2.991885564866048, 2.821245690098631, 2.754203848467017, 2.8070108872102937, 2.6274235803267216, 3.2986959145387384, 2.670543233110827, 2.7653995144806967, 2.903181955577524]
AVG = 2.8375355834918587
Results for POWER with DIFFERENTIAL_EVOLUTION 30D algorithm:
[3145.226224928148, 1253.5287690609316, 10599.267126550487, 4337.858915469043, 4931.770929062706, 4220.962540516234, 10812.613382452895, 5500.931764522441, 5636.053809084081, 9214.88120517486, 9476.070138911324, 7074.707312911741, 5751.0618365070795, 5064.8547152124265, 3828.4249598378556, 2644.3383438358874, 11345.120588824895, 3896.311638113823, 4435.430089811903, 4399.044960277855, 391.08875537403577, 17531.644467165792, 9168.978468092455, 2554.5711484189997, 1470.177841333546, 6259.6971535620005, 5731.964120695939, 2099.0885010131815, 3186.121153103713, 2599.0456046574286]
AVG = 5618.694548816125
Results for REULEAUX_TRIANGLE with DIFFERENTIAL_EVOLUTION 30D algorithm:
[18.110428712702273, 22.230580628684777, 21.358727551485597, 15.818693328370522, 13.081819013495931, 13.310411239098944, 9.821637973979476, 16.902621626200357, 20.304661764486813, 14.640713151700709, 15.510934368419164, 16.10180071528452, 25.794357587392156, 19.838237784143963, 18.043323679723073, 21.193174932826903, 17.33138110877265, 15.33343286006276, 19.269657058237662, 15.856412892974944, 14.761264469366688, 17.212968421504495, 13.2326915729254, 30.932277257466477, 15.600209526116284, 16.194055664011543, 15.855951346208368, 15.31184808097149, 16.94751474968722, 21.840453637972157]
AVG = 17.591408090142448
Results for DIRICHLET with DIFFERENTIAL_EVOLUTION 30D algorithm:
[-0.00791751002321665, -0.009095499576009126, -0.006430634769095142, -0.006848065385512166, -0.00699254447873269, -0.008481625527620981, -0.009474040077771024, -0.007585829305043428, -0.008055966439794542, -0.006995297496719649, -0.006430510797941443, -0.009182529009905726, -0.008453070848071533, -0.007301712086339263, -0.0076690537721807615, -0.007299561003334353, -0.007148182827016243, -0.007614550152018948, -0.009986296610172085, -0.007658397969957303, -0.006927269284367292, -0.007631871586043384, -0.008219447375764303, -0.008012523047088214, -0.007838513401427, -0.009078580130371751, -0.007031117021467842, -0.009489359407805854, -0.006988628732354502, -0.0076637561225141185]
AVG = -0.007850064808855244
Results for LOGARITHMIC_GROWTH with DIFFERENTIAL_EVOLUTION 30D algorithm:
[3.0479388325601438, 3.069953466354291, 2.5043533734040957, 2.7370498745057006, 2.7346642414282933, 2.4145420424119552, 2.8964748223813603, 2.7480301616473213, 3.073279152368018, 2.9030420679138413, 3.0042182024747905, 2.9625559918792694, 2.9028438982606746, 2.6022515530624766, 3.0204556825322553, 2.9287321284437953, 3.0429961578787115, 2.9823953889609793, 2.7575395118726855, 2.9916664493110883, 2.863782159179243, 2.402169681023612, 2.842998020370696, 2.784964383395526, 2.451042739404033, 2.91899539303016, 2.8714626016806832, 2.541368492287597, 2.7074437023373266, 2.8611088297002616]
AVG = 2.81901063340203
Results for LOGARITHMIC_DECAY with DIFFERENTIAL_EVOLUTION 30D algorithm:
[-6.138912517134299, -6.127908793383948, -6.173065659346203, -6.089638575227373, -6.125829067416323, -6.169526652738575, -6.142048876301836, -6.093739128882327, -6.120684399020208, -6.1171245571630495, -6.0946973508885, -6.089700081068486, -6.183933097345139, -6.1566035234631435, -6.17302379543064, -6.213511757982056, -6.153836402837537, -6.095305394779089, -6.169229700793672, -6.168520736610932, -6.12431811529976, -6.154286944545787, -6.206706218414769, -6.1929225868496625, -6.195195279925297, -6.201819988399287, -6.164858303074912, -6.22648074872949, -6.157582523352122, -6.187564261300125]
AVG = -6.153619167923483
Results for INVERTED_SINE with DIFFERENTIAL_EVOLUTION 30D algorithm:
[-0.9999999980408116, -0.9999999999892913, -0.9999999999980154, -0.9999999990060571, -0.999999990530142, -0.999999998474588, -0.9999999985077489, -0.9999999898748458, -0.9999999996243223, -0.9999999999721401, -0.9999999999503102, -0.9999999998352, -0.9999999998933349, -0.9999999999419761, -0.9999999979053513, -0.9999999991662146, -0.9999999999465923, -0.9999999999527257, -0.999999999848081, -0.9999999849634985, -0.9999999964018578, -0.9999999983657963, -0.9999999999131147, -0.9999999999905602, -0.9999999998707454, -0.999999999688644, -0.9999999992510137, -0.9999999926434588, -0.9999999992525775, -0.9999999999005525]
AVG = -0.9999999980233191
