Results for SCHAFFER_F7 with DIFFERENTIAL_EVOLUTION_BEST 30D algorithm:
[113.41093845855879, 100.23683074586103, 67.87454886992967, 127.93513081561032, 88.31642252726182, 77.55802914434351, 88.31642252724086, 100.23683074092393, 127.93513081670308, 88.31642252724212, 113.41093845874937, 77.55802914431703, 113.4109384585598, 59.183345420874005, 77.55802914432357, 127.93513081562959, 88.31642252722968, 113.41093845888555, 127.93513081600186, 113.41093845855775, 113.41093845855853, 127.93513081642233, 113.410938458558, 100.23683074118978, 59.18334542086062, 127.93513081813938, 113.4109384585595, 127.93513081563137, 88.31642252722774, 100.236830740924]
AVG = 102.14260620442913
Results for GRIEWANK with DIFFERENTIAL_EVOLUTION_BEST 30D algorithm:
[2.2046424165613407, 2.1774861797538256, 2.631703483891521, 2.0820414459112357, 2.779218703429351, 2.241649105830894, 2.6621975180956676, 2.0949129556401145, 1.977961133293429, 1.6341965672467524, 1.9448416087899523, 2.257317553676488, 2.3294642987801946, 2.544140732763858, 1.883023520546546, 2.859629280186723, 1.9186415881401324, 2.182696657081026, 2.6802490836988917, 3.2954943409482014, 1.2796805889509975, 2.701874967924104, 2.8948479671766836, 2.4415261700065143, 3.0279632108218784, 2.055181513929511, 1.7010192603305112, 1.4729122886688382, 1.6920396196006695, 1.9905202417618806]
AVG = 2.2546358001145914
Results for LEVY with DIFFERENTIAL_EVOLUTION_BEST 30D algorithm:
[2291.5462363762513, 1596.0500741300398, 642.08979862527, 1857.258978491916, 1374.8412607503992, 2463.0696191939574, 774.2350844741194, 1411.2050914379404, 1503.7665106910808, 2854.7814173264624, 2108.6076059872453, 2166.78932607801, 873.6106223055015, 2041.611299904558, 2029.4075853070758, 1571.030062913525, 1526.2482556484247, 1749.6694957053944, 1445.5232725240328, 2887.3514562849773, 2709.0815627993697, 594.2396925050085, 1983.0915641419465, 1372.8361278380332, 1467.8340194623888, 1783.68665835813, 1830.4876114840497, 1287.1243545648485, 1877.838827478877, 2039.9773944416206]
AVG = 1737.1630289076818
Results for EGGHOLDER with DIFFERENTIAL_EVOLUTION_BEST 30D algorithm:
[-1947.3402794972674, -2006.8892409194996, -2024.7467078760533, -1770.4064592988016, -2346.7848359886334, -1990.1524777265292, -2156.669600294786, -1766.243323304288, -2400.296285316801, -1761.2728202463259, -1865.9744784037575, -1907.2385188112157, -2401.016939776586, -1940.1713065779918, -2244.2735544129896, -1758.9138996162578, -1921.1455145121397, -2266.047646257521, -2018.2851895241645, -2520.298719114556, -2230.9811199065375, -2201.757824476733, -2127.5608277715987, -1674.7587359201898, -2169.2012215311534, -1826.9538105506044, -2235.839562674031, -1831.435059387689, -2280.9267399912064, -2320.0347763020854]
AVG = -2063.7872491995995
Results for ROSENBROCK with DIFFERENTIAL_EVOLUTION_BEST 30D algorithm:
[149379593.30780306, 265604588.70606378, 125867922.66299012, 622375865.7575504, 225564745.46783456, 85372406.04956537, 192532589.28909442, 296629699.9709382, 108376870.69847684, 219512015.50844732, 260102607.92513764, 287177047.57933235, 652106978.777373, 245732120.4471089, 311614731.88800967, 553629946.9281652, 304100963.4548373, 240360780.73162967, 96618942.6572173, 151106749.46265897, 238678951.81739554, 125378135.44829232, 739258003.3317978, 240507062.3554478, 293616660.7364224, 870173689.4257246, 250400149.83051586, 231790898.78481418, 644302143.6954641, 289296628.2188872]
AVG = 310572316.36383325
Results for ZAKHAROV with DIFFERENTIAL_EVOLUTION_BEST 30D algorithm:
[2.450846401938096, 4.968244623831633, 21.233779973630718, 12.033193956938298, 1.2481272164715276, 3.177489656538038, 7.3717702247571895, 13.670940088315561, 67.51914222476925, 2.190606849887816, 0.48156322042006605, 4.589970233862711, 33.35181564438566, 3.0422234312053322, 1.6250792610660802, 16.777945504765107, 18.126988387496613, 6.847156807754153, 1.8167380226551262, 14.054346252882917, 41.66232122595705, 22.629922584655986, 2.2586022374719774, 19.34314712239188, 3.76137997978454, 7.539129432953161, 6.140406457404414, 29.83920320362293, 1.457694394468971, 1.9115506287963246]
AVG = 12.437377508369304
Results for SALOMON with DIFFERENTIAL_EVOLUTION_BEST 30D algorithm:
[3.4998733458468108, 3.8998733458474297, 4.499873345847119, 2.9998733458468245, 3.9998733459014213, 1.999873345846944, 4.399873345846817, 4.399873345846846, 2.6998733458475717, 4.199873345848904, 4.09987334584681, 3.4998733458471047, 2.5998733458488634, 5.199873345850636, 7.599873345850226, 3.59987334584693, 7.099873345846811, 4.099873345846927, 2.8998733458468156, 2.7998733458468132, 6.199873345847055, 3.1998733458473625, 4.099873345902544, 6.999873345846811, 3.4998733458468108, 3.6998733458493422, 4.39987334584681, 3.799873345847802, 3.699873345846811, 4.399873345848418]
AVG = 4.136540012517814
Results for SCHAFFER_N2 with DIFFERENTIAL_EVOLUTION_BEST 30D algorithm:
[9.431831282065994, 9.537134723121214, 9.415022400400302, 8.800056664844238, 11.288273930268145, 11.287535705548402, 9.61712789216791, 11.414528678708193, 11.15729160166118, 11.746506479160619, 10.246325640505544, 10.387433929795996, 11.23396975340372, 10.726665331069654, 9.774540725223956, 10.772965110218388, 9.3536721749774, 10.057539878514579, 9.64474167874506, 11.348082440172188, 10.510132700402758, 10.162677152487404, 11.059327500079332, 8.89900280270985, 8.120761723552084, 10.11194147266972, 10.517496129434052, 10.943559767843606, 10.65012835942343, 11.669489276566775]
AVG = 10.32952543019139
Results for SCHWEFEL with DIFFERENTIAL_EVOLUTION_BEST 30D algorithm:
[11246.018061001138, 11062.803103665588, 11195.471002689254, 11147.611646327801, 11130.662723829068, 11016.282645836582, 11336.894966856786, 11178.938720902024, 11019.624169623938, 11122.004187440658, 11133.970258095178, 11098.104792962604, 11272.068042831339, 11180.325434896153, 11272.25602764757, 11197.030131980962, 11059.782956824816, 11107.02355685991, 11163.074667976824, 11251.859353352433, 11356.881922497887, 11229.670153152196, 11185.04637205747, 11199.63954903557, 11195.701715686082, 11378.129505706735, 11320.213046821578, 11396.335910484384, 11209.311586251624, 11439.2429852748]
AVG = 11203.399306618961
Results for DIXON_PRICE with DIFFERENTIAL_EVOLUTION_BEST 30D algorithm:
[145578313.08102742, 574158093.6710206, 147602179.4822826, 311121387.3815924, 102342780.03358316, 121454807.84148487, 461540918.22923446, 61657831.04702262, 99443321.7014424, 26288520.666204106, 74591814.14551324, 239262037.78086892, 22182333.171719007, 269825948.8110235, 119233790.44482853, 80747139.3233457, 110327302.10489962, 605008861.5765785, 52369749.83304594, 132814367.38607314, 89053655.76110873, 190939506.27029893, 97008420.48363335, 105557100.52855736, 49581205.883214004, 732962559.177673, 155512296.0102751, 146740075.94679928, 164310325.2716348, 126487918.94741508]
AVG = 187190152.0664467
