Results for IDENTITY with DIFFERENTIAL_EVOLUTION 10D algorithm:
[3.224191732859854e-07, 1.5937954230467703e-07, 1.4623989960360541e-07, 2.873266290524563e-07, 3.310165925654002e-06, 6.516950278526054e-07, 8.770629685943849e-08, 4.620056541047121e-07, 4.6066860623807225e-07, 6.18382757997676e-07, 2.629802596137149e-07, 8.496916201334031e-08, 4.1085844949304565e-07, 4.6316265508698914e-07, 3.831768925435559e-07, 2.1075195109773526e-07, 3.0403407714005374e-07, 1.1911453482482894e-07, 3.5377799980661315e-07, 1.6184824755097987e-07, 3.337833605805594e-07, 2.7436493738412785e-07, 4.877431146431577e-07, 1.4815194001160518e-07, 1.0343065881546084e-07, 8.869688111411143e-08, 4.521410220135461e-07, 1.4596670693562245e-07, 1.4248734140380193e-07, 5.070534228329607e-07]
AVG = 3.981494375953014e-07
Results for LINEAR with DIFFERENTIAL_EVOLUTION 10D algorithm:
[1.4965057943706322e-06, 6.834043587569058e-08, 3.058120558534404e-07, 1.1847929568931561e-07, 2.801370569638609e-07, 2.295276934992815e-06, 4.022414307451863e-07, 2.461556254718032e-06, 7.985091894237502e-07, 4.1422433296022503e-07, 7.649227342823644e-07, 3.9719536805705425e-07, 1.197264603294724e-06, 2.5703729034504633e-07, 5.716131087657867e-07, 2.8918610791181167e-07, 3.9988988333353724e-07, 2.1629240347471302e-07, 9.657530975274114e-07, 2.8798255463215055e-07, 2.672521417236113e-07, 9.178246409169752e-08, 2.1786937278852696e-07, 8.355599302267209e-07, 3.268102516114581e-06, 3.7267953221887725e-07, 7.844167893806417e-07, 1.5782640770259086e-06, 3.951627841617e-07, 2.372871661854832e-06]
AVG = 8.057393734268216e-07
Results for PARABOLA with DIFFERENTIAL_EVOLUTION 10D algorithm:
[7.83970823399962e-14, 1.5476339927685155e-12, 5.48608942160107e-14, 4.834570288341667e-13, 5.696952439493945e-13, 4.715427347805946e-13, 1.1486120984846855e-13, 1.0190288233448615e-13, 5.446598651816126e-13, 1.173873646645332e-13, 3.4175994352862298e-15, 8.419110359145436e-14, 1.871041951985775e-12, 2.5505935699877486e-13, 5.559840327461879e-13, 1.1207637504129682e-13, 5.687492774300452e-13, 1.2131199874866255e-12, 1.445508909417745e-14, 1.2598119151285428e-13, 2.4850956467531484e-13, 1.1043335560286694e-13, 7.156722869537588e-14, 2.5675515009163658e-14, 5.474199337666328e-13, 2.997989103412748e-12, 1.22318862583731e-12, 3.004878724632201e-14, 4.3249207384320376e-14, 1.350248144032152e-13]
AVG = 4.773860133424509e-13
Results for SINUS with DIFFERENTIAL_EVOLUTION 10D algorithm:
[-0.9999999455919696, -0.9999999975066335, -0.9999999956165458, -0.9999999990950211, -0.9999999884939625, -0.9999999617524387, -0.9999999922089619, -0.9999999872500329, -0.9999999983881372, -0.9999999758832321, -0.9999999966929478, -0.9999998183236195, -0.9999999966383754, -0.9999999943381382, -0.9999999785109763, -0.9999999887448537, -0.9999999977202649, -0.9999999988264405, -0.9999999150517442, -0.9999999559286369, -0.9999998873762876, -0.9999999942723737, -0.9999997975891357, -0.9999999761688267, -0.9999999473609367, -0.9999999877410848, -0.9999999998058461, -0.9999999908094552, -0.999999998885897, -0.9999999922697402]
AVG = -0.9999999684947506
Results for COSINUS with DIFFERENTIAL_EVOLUTION 10D algorithm:
[-0.9999999999999805, -0.9999999993103379, -0.9999999920255381, -0.9999999652492615, -0.9999999968812532, -0.9999999849041131, -0.9999999897445343, -0.9999999889264075, -0.999999960272211, -0.9999999906948224, -0.9999999998948601, -0.9999999912051603, -0.9999999656854418, -0.9999999136779457, -0.9999999200309936, -0.9999999997166612, -0.9999999508764689, -0.9999999957535758, -0.9999999958611642, -0.9999999784693385, -0.9999999724302403, -0.9999998916967495, -0.9999999999992073, -0.9999998793346502, -0.999999976826382, -0.9999999977746915, -0.9999999966609566, -0.9999999992519217, -0.9999999804486135, -0.9999998117552954]
AVG = -0.9999999695119592
Results for EXPONENTIAL_GROWTH with DIFFERENTIAL_EVOLUTION 10D algorithm:
[1.0000005900036237, 1.0000001827252964, 1.0000003814068015, 1.0000000784257346, 1.0000002742688743, 1.0000005695930472, 1.0000001386561497, 1.0000008211523963, 1.000000114951718, 1.0000001307244797, 1.0000009788977369, 1.0000002238779657, 1.0000001672185816, 1.0000002753389565, 1.0000000709436532, 1.000000591460206, 1.0000007092711614, 1.0000003198227208, 1.0000005251989361, 1.0000002366204417, 1.0000002427799861, 1.0000004728121412, 1.0000004599789265, 1.0000006820067238, 1.0000003166682374, 1.0000003226427143, 1.0000001497359008, 1.0000002384577757, 1.0000005761616102, 1.0000003870372483]
AVG = 1.0000003742946582
Results for EXPONENTIAL_DECAY with DIFFERENTIAL_EVOLUTION 10D algorithm:
[6.3967144931180936e-96, 6.396714708653508e-96, 6.396714493033662e-96, 6.396714493228233e-96, 6.396750436548204e-96, 6.396714518443178e-96, 6.396714493085833e-96, 6.396714495833782e-96, 6.396714493034922e-96, 6.396714513197804e-96, 6.396714493388276e-96, 6.396714493041475e-96, 6.3967144932073145e-96, 6.396714493269315e-96, 6.396714493046516e-96, 6.396714493198493e-96, 6.396714493038199e-96, 6.396714493162956e-96, 6.396714493036686e-96, 6.39671449303467e-96, 6.3967144930785245e-96, 6.3967144930392065e-96, 6.396714493041223e-96, 6.396714493036939e-96, 6.396714493417261e-96, 6.396714549439324e-96, 6.396714493129687e-96, 6.396714493514546e-96, 6.396714493031897e-96, 6.396714493038451e-96]
AVG = 6.396715701912272e-96
Results for SIGMOID with DIFFERENTIAL_EVOLUTION 10D algorithm:
[1.0, 1.0, 1.0, 1.0, 1.0, 1.0, 1.0, 1.0, 1.0, 1.0, 1.0, 1.0, 1.0, 1.0, 1.0, 1.0, 1.0, 1.0, 1.0, 1.0, 1.0, 1.0, 1.0, 1.0, 1.0, 1.0, 1.0, 1.0, 1.0, 1.0]
AVG = 1.0
Results for TRIANGLE with DIFFERENTIAL_EVOLUTION 10D algorithm:
[-0.9999767597637685, -0.9999593822954864, -0.9999287743285663, -0.9995771096734245, -0.9999365108814686, -0.999857520256171, -0.9999686469350877, -0.9999153963184426, -0.999828923732025, -0.9999984003207203, -0.9999494470820309, -0.9996370102061576, -0.9999853483345476, -0.9999330819384227, -0.9996040521695448, -0.9999240885077825, -0.9999835083669097, -0.9998975018225735, -0.9998929425925098, -0.9999872424120326, -0.9996993050877165, -0.9999591843176461, -0.9998505476002606, -0.9999984447710517, -0.9998320887347916, -0.9999816147914089, -0.9999577571485361, -0.9998823879080021, -0.9999787245161258, -0.9999387335260224]
AVG = -0.9998940145446411
Results for QUADRATIC_SINE with DIFFERENTIAL_EVOLUTION 10D algorithm:
[-1.2990381051731315, -1.2990380942550006, -1.29903792736088, -1.299038072741847, -1.299038102463264, -1.2990368766198135, -1.2990379351318462, -1.299038100693007, -1.2990380100193257, -1.2990380837082292, -1.2990380894824394, -1.299038100927075, -1.2990374705999186, -1.2990381051361801, -1.299036944145652, -1.2990380477192713, -1.2990380551201737, -1.2990381031825473, -1.2990380519319258, -1.2990380992676192, -1.2990380884878818, -1.2990378543372534, -1.2990380221639986, -1.299038102063867, -1.2990381051860487, -1.299038052792061, -1.299038010808606, -1.2990380211959691, -1.2990381014384844, -1.2990381053676454]
AVG = -1.2990379613173657
Results for GAUSSIAN_BELL with DIFFERENTIAL_EVOLUTION 10D algorithm:
[0.0, 0.0, 0.0, 0.0, 0.0, 0.0, 0.0, 0.0, 0.0, 0.0, 0.0, 0.0, 0.0, 0.0, 0.0, 0.0, 0.0, 0.0, 0.0, 0.0, 0.0, 0.0, 0.0, 0.0, 0.0, 0.0, 0.0, 0.0, 0.0, 0.0]
AVG = 0.0
Results for SAWTOOTH with DIFFERENTIAL_EVOLUTION 10D algorithm:
[-0.9999949555776197, -0.9996809111160587, -0.9999054111421515, -0.9998523854023347, -0.9998432111320881, -0.9997951664178686, -0.9999970782272953, -0.9999290751629246, -0.9999682621142938, -0.99992770418595, -0.9999978673126293, -0.9999956776667887, -0.999982801876115, -0.9999858939112869, -0.9999220329150376, -0.9998637655917832, -0.9998334355509542, -0.9999869063069582, -0.9999999950920824, -0.9996123763580727, -0.9999835842984908, -0.9999629298951618, -0.9999628742784239, -0.9999269793638064, -0.9999847081855364, -0.9999315522905476, -0.9999130038417547, -0.9995398979279457, -0.9996222845467173, -0.9999130053107592]
AVG = -0.9998938577666479
Results for TANH with DIFFERENTIAL_EVOLUTION 10D algorithm:
[1.0, 1.0, 1.0, 1.0, 1.0, 1.0, 1.0, 1.0, 1.0, 1.0, 1.0, 1.0, 1.0, 1.0, 1.0, 1.0, 1.0, 1.0, 1.0, 1.0, 1.0, 1.0, 1.0, 1.0, 1.0, 1.0, 1.0, 1.0, 1.0, 1.0]
AVG = 1.0
Results for LOGISTIC_SIGMOID with DIFFERENTIAL_EVOLUTION 10D algorithm:
[1.0, 1.0, 1.0, 1.0, 1.0, 1.0, 1.0, 1.0, 1.0, 1.0, 1.0, 1.0, 1.0, 1.0, 1.0, 1.0, 1.0, 1.0, 1.0, 1.0, 1.0, 1.0, 1.0, 1.0, 1.0, 1.0, 1.0, 1.0, 1.0, 1.0]
AVG = 1.0
Results for QUADRATIC_GROWTH with DIFFERENTIAL_EVOLUTION 10D algorithm:
[1.0000000000001652, 1.0000000000000333, 1.0000000000006495, 1.0000000000001998, 1.0000000000001756, 1.0000000000000306, 1.0000000000003184, 1.0000000000000973, 1.0000000000002935, 1.0000000000008227, 1.000000000000259, 1.0000000000000024, 1.00000000000148, 1.0000000000004792, 1.000000000000018, 1.0000000000010465, 1.000000000001938, 1.000000000000876, 1.000000000000041, 1.0000000000000049, 1.0000000000022033, 1.0000000000000748, 1.000000000000084, 1.000000000000046, 1.000000000000088, 1.0000000000001528, 1.000000000001314, 1.0000000000004576, 1.0000000000000038, 1.0000000000000662]
AVG = 1.0000000000004474
Results for QUADRATIC_DECAY with DIFFERENTIAL_EVOLUTION 10D algorithm:
[-99998.99999967696, -99998.9999999339, -99998.99999998035, -99998.99999990665, -99998.99999977101, -99998.99999999527, -99998.99987401644, -99998.99999981235, -99998.99999999722, -99998.99999999811, -99998.99999968041, -99998.99999920123, -99998.99999999625, -99998.99999984655, -99998.99593376776, -99998.99966420268, -99998.99999999972, -99998.99999997755, -99998.9999999928, -99998.99999999595, -99998.99999999847, -99998.99999998708, -99998.99999998356, -99998.99999998603, -99998.99985517254, -99998.99999999757, -99998.99997836292, -99998.999999976, -99998.99999999886, -99998.99999998503]
AVG = -99998.99984343992
Results for SQUARE_ROOT with DIFFERENTIAL_EVOLUTION 10D algorithm:
[0.000615055353535626, 0.0009098776408419803, 0.0006663333712177493, 0.0005273209163096627, 0.0005000088452362379, 0.0005717060617810518, 0.0011729688962848427, 0.0014726430110196772, 0.00021899517968797868, 0.0006577865416387335, 0.000488122716704306, 0.0007761759658141851, 0.0005035206884751331, 0.0006641146106826192, 0.0006331241597296956, 0.0010275147585019928, 0.0004639552727103124, 0.0005132766975723946, 0.000609556374427158, 0.0002552110748357408, 0.0005427799909959846, 0.0006455407062026941, 0.0008396955264636279, 0.0006475434164972742, 0.0006334944256986349, 0.000773995600378285, 0.0008809640737518611, 0.00042074017675960355, 0.0009354637664893543, 0.00098466091370331]
AVG = 0.0006850715577982568
Results for CUBIC with DIFFERENTIAL_EVOLUTION 10D algorithm:
[5.3251860976799904e-18, 6.265920912444253e-19, 1.766326593398803e-21, 2.3512432442867816e-20, 1.4169094426022648e-20, 1.5257841922829787e-21, 1.1313560971792786e-19, 4.029789257047325e-20, 5.496670724873236e-20, 2.3565383913589207e-19, 2.200434668626682e-19, 2.6845728340879404e-21, 4.910164120699067e-20, 8.580092603518144e-21, 4.143675899837831e-20, 2.6620803892855547e-21, 1.0632019749862197e-18, 4.7968200646368094e-20, 6.578387249410451e-20, 1.668665525030352e-20, 2.173019082165929e-19, 1.9346802657055113e-22, 9.702929336519016e-18, 4.575130809671766e-19, 3.7791866038325927e-19, 1.1448135568251244e-18, 8.232998818366232e-23, 3.221598612592693e-20, 8.572549603512693e-20, 8.696520115641646e-20]
AVG = 6.686871405255777e-19
Results for LOGARITHMIC with DIFFERENTIAL_EVOLUTION 10D algorithm:
[1.3298794136476695e-07, 1.982834284469696e-07, 8.763880824360587e-07, 4.3751251221174083e-07, 2.807925808441276e-07, 4.238593654834766e-07, 1.2964856191956178e-07, 1.390916760514317e-07, 4.852079882024869e-07, 4.197695425074978e-07, 4.5914004360691045e-07, 1.3997401768353115e-07, 6.031380814453269e-07, 3.174435510200779e-07, 1.768886949231734e-07, 2.153065613826886e-07, 8.401553216557037e-07, 6.130381937059099e-07, 1.4648519164563017e-06, 9.015865384499194e-07, 8.200515950071646e-07, 5.238205942632604e-07, 6.482924564645065e-08, 2.2914634739965068e-07, 4.034685948531677e-07, 2.2198116012919768e-07, 9.074277373535179e-07, 2.1647797698299622e-07, 5.300873991444388e-07, 1.2256386162351288e-06]
AVG = 4.799331288937545e-07
Results for POWER with DIFFERENTIAL_EVOLUTION 10D algorithm:
[1.9889149461564368e-20, 5.652925380146685e-20, 2.1469042501618503e-19, 2.596584897146398e-19, 1.3147419016536246e-20, 1.1685428869706852e-20, 4.7091320409331324e-21, 5.402192502213845e-20, 4.066866238540369e-20, 7.335013135972362e-20, 3.4635186499921317e-19, 4.153316377409249e-19, 3.069320944912787e-20, 5.687968026129648e-21, 2.444199148830322e-22, 3.482306987814336e-20, 2.375663592603131e-22, 2.9824273722827243e-19, 3.0481428881447315e-21, 5.320666813112279e-19, 2.148033362845315e-21, 8.871022436449014e-19, 1.201747801863815e-20, 2.0684112041140198e-19, 1.1616302816918075e-19, 1.502779044012334e-19, 3.85560712652398e-19, 2.8978824046322796e-20, 9.941151198349374e-20, 2.2431810078407693e-19]
AVG = 1.5092987573193726e-19
Results for REULEAUX_TRIANGLE with DIFFERENTIAL_EVOLUTION 10D algorithm:
[1.0000008372280758, 1.0000001806702707, 1.0000006412122002, 1.0000002549263063, 1.0000001184151421, 1.000000271644796, 1.0000004617457892, 1.000000124443333, 1.0000002763809852, 1.000000076689541, 1.000000469809946, 1.0000004659198263, 1.0000006302127815, 1.000000412332986, 1.000000646172079, 1.0000010893183537, 1.0000002642067893, 1.0000005722303191, 1.000000313143175, 1.0000001990426175, 1.0000008547204016, 1.000000144971657, 1.0000004057942768, 1.000000252764405, 1.0000006306788998, 1.0000000664701978, 1.000001581627132, 1.000000122581556, 1.0000005491045707, 1.000000975350904]
AVG = 1.0000004629936439
Results for DIRICHLET with DIFFERENTIAL_EVOLUTION 10D algorithm:
[-0.21723339592671276, -0.2172330969021702, -0.2172335780575168, -0.21723362767898058, -0.21723362594704734, -0.21723338286068627, -0.21677058860758125, -0.21723359839797865, -0.2172336103454242, -0.19620774577064756, -0.21723362803254928, -0.21723356647460976, -0.2172336241809665, -0.19159755259948036, -0.21723327734683942, -0.17711985668048041, -0.2172336228643703, -0.21723362793410786, -0.21723362664083384, -0.21723359786011284, -0.2172335948191095, -0.2172336281474218, -0.2172335875138251, -0.21723326483770913, -0.21723347304767002, -0.19493019389807786, -0.21723362564546544, -0.21723361497949736, -0.21192978410453794, -0.2172335824540851]
AVG = -0.21340535268521654
Results for LOGARITHMIC_GROWTH with DIFFERENTIAL_EVOLUTION 10D algorithm:
[3.561449327412646e-07, 1.7894118249145417e-08, 7.264363987464306e-07, 1.6533598655606394e-07, 6.496921833746378e-08, 1.2302406891410937e-07, 3.24140666842995e-07, 9.633844901842434e-08, 2.811052268874964e-07, 4.379450973232993e-07, 4.877820061702317e-07, 7.459639745817303e-07, 6.085580355334567e-07, 5.675782469779871e-07, 1.532374571952807e-07, 4.379088101437198e-07, 1.2684377876271218e-07, 4.0094868225558873e-07, 3.4257238129289805e-07, 2.0124633088911736e-07, 2.781721012992898e-07, 1.9876674440486456e-07, 1.1189606992219501e-07, 7.544965688063717e-07, 2.6891479224760076e-07, 5.584640305245968e-08, 1.5585996944145927e-07, 3.179529549327191e-07, 1.0113473080510012e-07, 1.5876358522102455e-07]
AVG = 3.0225925958508326e-07
Results for LOGARITHMIC_DECAY with DIFFERENTIAL_EVOLUTION 10D algorithm:
[-5.759620020627723, -5.7596200206612655, -5.7596200206610595, -5.759620020646359, -5.759620020661271, -5.7596200206610595, -5.75962002066127, -5.759620020661269, -5.759620020660385, -5.759620020626156, -5.759620020661144, -5.759620020661251, -5.759620020653408, -5.759619985208617, -5.759620020661258, -5.759620020661269, -5.759620020661267, -5.759620020661225, -5.7596200206449515, -5.759620020660969, -5.759620020610478, -5.759620020660439, -5.759620020660796, -5.759620020661231, -5.759620020661139, -5.759620020620158, -5.759620020661265, -5.759620020653532, -5.759620020654225, -5.759620020661249]
AVG = -5.759620019472256
Results for INVERTED_SINE with DIFFERENTIAL_EVOLUTION 10D algorithm:
[-0.9999999842330732, -0.9999999996666863, -0.9999997051477154, -0.9999998648891065, -0.9999999890342042, -0.9999999668021583, -0.9999999761684589, -0.9999999311777521, -0.9999999808523519, -0.9999999949635234, -0.9999999928613177, -0.9999999947364092, -0.9999999564425743, -0.999999999702731, -0.9999999908579582, -0.9999997824965389, -0.9999993944463191, -0.999999997350558, -0.9999999999687718, -0.999999968828203, -0.9999999969740944, -0.9999999902077225, -0.9999999701309255, -0.9999999984893159, -0.9999999670883698, -0.9999999970725515, -0.9999999998541416, -0.9999999885253621, -0.9999999942612344, -0.9999999999990977]
AVG = -0.9999999457743075
Results for RASTRIGIN with DIFFERENTIAL_EVOLUTION 10D algorithm:
[9.949590946434059, 9.949617196044755, 9.949656616294597, 9.949591007975867, 9.949590626929005, 9.949590674775473, 9.94959057093292, 9.949597340661947, 9.949613560547458, 9.949594271225097, 9.949590729069989, 9.949590585041884, 9.949601068117603, 9.949590571808216, 9.949598981662385, 9.949610574941895, 9.949724408747095, 9.949594186101212, 9.949590574049834, 9.949606406706398, 9.949595613607253, 9.94959057196084, 9.949598240759332, 9.949616920486855, 9.94960108419235, 9.949645309502321, 9.949591113083198, 9.94959057093292, 9.949613824237153, 9.949632886737968]
AVG = 9.949606901118928
Results for ACKLEY with DIFFERENTIAL_EVOLUTION 10D algorithm:
[20.35081539306998, 20.11370869225617, 20.451059329555388, 20.064188476921576, 20.13038646592743, 20.511510430469855, 20.33471598566399, 20.285323924084274, 20.10747327859814, 20.02864398595602, 20.354473278822468, 20.447926283495487, 20.191838475023324, 20.055179627891608, 20.11759174617805, 20.139747797706438, 20.33657756068084, 20.163984139915858, 20.072926413608677, 20.058121555527464, 20.122248478610047, 20.14063058215453, 20.041811245772326, 20.05664352434082, 20.262250178913675, 20.365495473377248, 20.06851373381653, 20.253356240549028, 20.070668219325277, 20.166674689849934]
AVG = 20.19548284026875
Results for MICHALEWICZ with DIFFERENTIAL_EVOLUTION 10D algorithm:
[-8.94441459130327, -8.918593994544858, -6.427210669171079, -7.87557363735337, -7.341952753774192, -6.89066116842172, -6.202480933564182, -6.137472082682313, -7.185293701741096, -8.249877179995044, -6.501179760222069, -6.851590080584661, -7.951801130681666, -7.875255068196039, -8.41808506097267, -5.975174950218077, -4.417311780764525, -4.139057760909416, -4.096972106027435, -5.775035634098688, -8.591392296909758, -5.3721425435468895, -6.5045855977456, -5.161436442136914, -9.133221511379444, -4.8435891224138015, -8.0966626057991, -7.370987022321186, -7.42635969622549, -6.329319942481968]
AVG = -6.833489694206217
