Results for SCHAFFER_F7 with DIFFERENTIAL_EVOLUTION_BEST 2D algorithm:
[0.0009617266967989603, 0.01624365600570806, 0.15688266894426245, 44.46884599347597, 0.007478956784343816, 20.070676509593266, 1.550744470534965e-37, 1.9901609448959663e-23, 8.179517461017034e-07, 0.7415305470001949, 5.83039444949333e-48, 0.03176859694626703, 4.428727368410963e-28, 2.9129615034146733e-35, 4.693801523040793e-74, 1.06108110285794e-17, 0.002981094750298372, 3.6651566159641005e-13, 3.245389984362613e-35, 2.4875702153699758e-05, 5.505528063730619e-26, 2.2170961472908823e-05, 3.374943816047751e-25, 4.1611717696459624e-19, 0.00022002347650811464, 0.002981094750298371, 1.2368340528658455e-63, 3.6278549182867937e-16, 2.3275487538270565e-39, 2.7527877597700395e-23]
AVG = 2.1833539577679884
Results for GRIEWANK with DIFFERENTIAL_EVOLUTION_BEST 2D algorithm:
[0.027125384395415453, 0.008405981645397298, 0.06665196219289982, 0.005776006004691192, 0.010063184470990416, 0.0358886507499242, 0.02958416121206986, 0.012398100625383712, 0.19028604411468386, 0.02395981946538328, 0.12577210421580276, 0.05955976524348838, 0.11272661591989697, 0.03945868819541676, 0.24641052210686987, 0.04683501858787409, 0.18954721896445847, 0.007832147042672766, 0.10857876752861928, 0.009037434203889139, 0.08071988544400277, 0.0074243861001273, 0.07477144012025394, 0.10602304950900321, 0.05468876025971581, 0.0, 0.00739604034388841, 0.009864672061006163, 0.008192134516384453, 0.0007103635634786443]
AVG = 0.056856276960122944
Results for LEVY with DIFFERENTIAL_EVOLUTION_BEST 2D algorithm:
[1.4997597826618576e-32, 0.023619235952263402, 1.7899346345738953e-30, 1.812630986091118e-22, 2.224270977408809, 2.122128241318715e-31, 1.4997597826618576e-32, 5.090040914262686e-24, 3.1392205176611413e-16, 4.6243503855890555, 1.4997597826618576e-32, 5.08751475405459e-18, 4.348652309525973e-14, 1.495121954248661e-19, 1.4997597826618576e-32, 8.722355110070178e-22, 1.4997597826618576e-32, 1.4997597826618576e-32, 1.4997597826618576e-32, 2.0361586022667188e-22, 0.00018509738451938468, 1.4997597826618576e-32, 4.312575506024004e-20, 3.6217609002688125e-05, 1.4997597826618576e-32, 3.266664037438698e-16, 1.4997597826618576e-32, 3.9423245710386384e-18, 7.40144987569825e-13, 1.697039970512269e-11]
AVG = 0.22908206379871346
Results for EGGHOLDER with DIFFERENTIAL_EVOLUTION_BEST 2D algorithm:
[-125.11845333579623, -227.12310592055013, -123.90763980656689, -123.76037523104232, -111.78879672922238, -111.78879672928774, -126.42383220972168, -220.6841504008259, -123.90763980656689, -126.4238322097217, -111.78879672928775, -123.79416260700896, -226.1764272523207, -126.4238322097217, -111.78879672928774, -126.42383220972168, -214.4926505145824, -126.4238322097217, -126.42383220378923, -88.30425945369828, -226.48307315908576, -126.42383220972168, -126.42383220972064, -123.90763980655879, -126.4238322097217, -86.4802301912095, -126.4238322097217, -227.122632852511, -111.78879672928774, -123.79416260700896]
AVG = -140.27463028943296
Results for ROSENBROCK with DIFFERENTIAL_EVOLUTION_BEST 2D algorithm:
[0.008680741843583023, 15.423748968630173, 28.147480552370386, 35.03402366600978, 6.634320212908709e-28, 41.23260335218309, 87.10277536526176, 62237.54364337185, 43.23638516423301, 5918.9905750644175, 5.85788280424615, 82.11589677075338, 62.014507856507194, 0.8732114884644439, 5.108050217422997, 73.72383417225319, 55.52933615792354, 115.23134064970094, 3.3584920919284595, 25.525357711615385, 43.317669686478794, 1.7312523634352825, 42.36509502285516, 0.7956002584280374, 14.962613747908964, 7.829133653695495, 54.53293708421424, 52.62289945428666, 40.8436339019642, 5.3607723904510705]
AVG = 2303.3473144577115
Results for ZAKHAROV with DIFFERENTIAL_EVOLUTION_BEST 2D algorithm:
[6.960310074910965e-154, 1.1424515684872292e-75, 1.235908449841734e-28, 1.3276402902575199e-161, 3.820817379141315e-18, 4.428984127572158e-138, 1.0605284733094283e-33, 5.807725038832243e-96, 1.3409917569709576e-05, 1.4667973272188967e-73, 8.52316772790936e-24, 9.462980690600764e-111, 4.723804809959677e-62, 2.1765477582679632e-83, 4.8596989881179795e-62, 8.3674743664103e-37, 2.1657758920946467e-07, 2.1682338054244135e-59, 4.905236629566326e-103, 2.1454989044314487e-152, 6.601744970975217e-30, 5.542266734372191e-14, 4.0058571135968687e-45, 5.523439609285659e-11, 18.78101525583032, 1.882602177056033e-27, 2.0015036196779378e-24, 9.065951004107294e-35, 3.820419963051339e-158, 2.627270701856454e-81]
AVG = 0.6260342960793589
Results for SALOMON with DIFFERENTIAL_EVOLUTION_BEST 2D algorithm:
[0.1683087137695445, 9.270495535780798e-12, 0.09987334584681097, 0.09987334584681097, 0.09987334584681098, 0.1137118114379213, 0.09987334584681097, 0.099873345846811, 0.09987334584681097, 0.099873345846811, 0.299873345846811, 0.09987334584681098, 0.09987334584681097, 0.09987334584681097, 0.09995808450980209, 0.199873345846811, 0.399873345846811, 0.09987334584681098, 0.1000830712574064, 0.5998733458468111, 0.022731486050126766, 0.005224108597023878, 0.09987334584681097, 0.199873345846811, 0.29987973019666053, 0.09987342377917027, 0.10149567713216995, 0.09987477004425427, 0.29987334584681097, 0.09987334584681097]
AVG = 0.14695781492909193
Results for SCHAFFER_N2 with DIFFERENTIAL_EVOLUTION_BEST 2D algorithm:
[0.00039710982256474514, 0.01833517345655572, 0.011776473765824802, 0.0017508459064524695, 0.0, 0.022632965272540606, 0.0, 0.01848870332154745, 0.0001595432814386344, 2.1303861584609507e-05, 0.003916654583131618, 0.0, 0.005744971921089581, 0.0, 0.022243511995167886, 0.0, 0.0, 0.002523284607115095, 4.440892098500626e-16, 0.012703564954276547, 0.0, 0.00959535226748559, 0.018329451368674365, 0.0, 0.0, 2.220446049250313e-16, 0.03503805803713439, 0.0222468189839099, 0.00015952927352813617, 2.390976305832737e-12]
AVG = 0.006868777222747127
Results for SCHWEFEL with DIFFERENTIAL_EVOLUTION_BEST 2D algorithm:
[710.695836096891, 710.6959295102524, 750.2478578253772, 710.6990861212219, 750.3635365664969, 759.4825404799689, 710.6958360968911, 721.8031284571666, 710.6958360968911, 719.9287069595085, 719.941393499646, 710.6958360968911, 710.6958360968911, 710.6958360968911, 750.2478578253772, 710.6958360968911, 710.7338660629807, 710.6958360968911, 725.9165048447203, 809.9375381729086, 710.6958360968911, 710.6980098916115, 710.6958360968911, 710.6958360968911, 710.695836096891, 710.6958360968911, 710.711261297336, 720.0918077347703, 710.6958360971314, 720.5545948015854]
AVG = 721.7265108469215
Results for DIXON_PRICE with DIFFERENTIAL_EVOLUTION_BEST 2D algorithm:
[723.0051139648758, 3.697785493223493e-32, 3.697785493223493e-32, 3.697785493223493e-32, 3.697785493223493e-32, 1.0690651524102297e-16, 3.697785493223493e-32, 3.0786425143863485e-24, 3.697785493223493e-32, 3.697785493223493e-32, 3.697785493223493e-32, 3.697785493223493e-32, 600.0302713324139, 3.697785493223493e-32, 3.697785493223493e-32, 3.697785493223493e-32, 3.697785493223493e-32, 3.660807638291258e-30, 7312.490818226614, 3.697785493223493e-32, 8.333614220974284e-14, 1.9044634515736004e-23, 0.0012932318347815108, 3.697785493223493e-32, 0.8401795415897745, 391.5587035948914, 410.9874429496901, 7.4223922572245e-27, 3.697785493223493e-32, 3.130586584994985e-15]
AVG = 314.63046076139705
