Results for IDENTITY with DIFFERENTIAL_EVOLUTION_BEST 30D algorithm:
[79.76024221162169, 70.41582907623471, 81.85581696015831, 49.274247117524226, 72.70843141231852, 68.03606297590979, 74.2765280127374, 73.50341203016603, 84.18585718122985, 74.47304802732204, 55.07938802674988, 58.86006973567533, 77.80454846648998, 65.82421355498492, 81.04777625209601, 92.7331019097005, 49.6677344924498, 105.66875329279644, 63.131296350226656, 72.02483700538848, 80.9386773245227, 49.795900178439204, 73.39990498058192, 86.0706011224963, 81.56573714994398, 36.65690331867199, 42.0907620192253, 69.67258573773056, 57.61318798627215, 76.92212880380025]
AVG = 70.16858609044883
Results for LINEAR with DIFFERENTIAL_EVOLUTION_BEST 30D algorithm:
[101.97482216377361, 83.37200622809682, 143.13127754387773, 118.11865159493657, 81.2130137832948, 122.60231935574674, 141.98749408883762, 178.8705912528726, 153.6952522684446, 173.94311500029391, 119.79977874613499, 150.1437956336443, 78.368090421008, 187.3841314989774, 132.59868395595993, 169.9917422537069, 169.91855992427327, 172.58869880174396, 185.2663621106337, 149.35410511470226, 146.42901327843327, 125.52856166262079, 119.05882756884355, 113.11729250598916, 123.58180028130832, 114.08557699219676, 135.0675517270243, 110.66378443077663, 108.41032728515326, 180.81684436093641]
AVG = 136.36940239447475
Results for PARABOLA with DIFFERENTIAL_EVOLUTION_BEST 30D algorithm:
[4967.559118075862, 9197.82366468931, 6259.364783514708, 4719.364944890912, 4788.878656726444, 2766.313194008742, 3852.4079652830815, 5596.131820576268, 7214.090216613136, 3369.5903310559706, 1483.6964919507636, 7329.138524315591, 4344.404674814084, 2465.5298824042075, 7825.7681509589265, 5049.695895194025, 5291.528565228204, 8309.430509241301, 5448.633759464789, 4471.201379922116, 4651.152222177354, 4963.052174593391, 7169.654395225253, 4121.231950936561, 1972.745948388642, 5070.496939963418, 4087.6115769671487, 5013.421631411424, 4291.2715899131845, 2130.8229460071]
AVG = 4940.733796817063
Results for SINUS with DIFFERENTIAL_EVOLUTION_BEST 30D algorithm:
[-0.9999999997927673, -0.9999999999655882, -0.9999999999339367, -0.9999999751049737, -0.9999999982639628, -0.9999999976789309, -0.999999999484074, -0.9999999986970715, -0.9999999994289591, -0.9999999998001275, -0.9999999980454499, -0.9999999959382496, -0.9999999999919021, -0.9999999981640117, -1.0, -0.9999999995394993, -0.9999999964228228, -0.9999999996442964, -0.9999999997991609, -0.9999999834128711, -0.9999999931473872, -0.9999999970696684, -0.9999999999977457, -0.9999999990889024, -0.9999999987426292, -0.9999999999904349, -0.999999999454796, -0.999999999620188, -0.9999999999079623, -0.999999979796612]
AVG = -0.9999999968641663
Results for COSINUS with DIFFERENTIAL_EVOLUTION_BEST 30D algorithm:
[-0.999999999967276, -0.9999999971158599, -0.9999999999982937, -0.9999999968846758, -0.9999999998460792, -0.9999999942846324, -0.999999999995166, -0.9999999977449757, -0.9999999999391501, -0.999999999997633, -0.9999999995540281, -0.9999999995813735, -0.9999999994953033, -0.9999999974267045, -0.9999999956272797, -0.999999999992342, -0.9999999997199669, -0.9999999899252251, -0.9999999925680747, -0.9999999953553539, -0.9999999965927334, -0.9999999937646085, -0.9999999994629989, -0.9999999955318825, -0.9999999951630141, -0.9999999961497904, -0.9999999982597279, -0.9999999982518184, -0.9999999954726415, -0.9999999974202931]
AVG = -0.9999999973696301
Results for EXPONENTIAL_GROWTH with DIFFERENTIAL_EVOLUTION_BEST 30D algorithm:
[7.872376328554789e+24, 3.5441838166719855e+28, 1.8583241731580945e+21, 2.365483882172522e+24, 1.2940503217628902e+22, 3.1080429199824596e+26, 1153483905031361.0, 1.554649427402391e+17, 3168371317696504.0, 3.830036360467416e+23, 8.306307105285691e+16, 261052809099.9572, 5.28980743343093e+24, 1.2513480259142595e+20, 1.3630594737150853e+17, 1.1403082124935326e+23, 590361310628865.0, 4.405926704794373e+22, 1.1979251407052945e+22, 8.442910088162706e+26, 3.8772611077507693e+21, 2.9235954953412407e+19, 5.030980386915312e+23, 7.30889054264527e+24, 348599659851889.0, 3.0840409458011106e+26, 2.250845491643058e+20, 1.9112478369753892e+25, 2.4520631461857252e+16, 2.477585784072231e+24]
AVG = 1.2316946470472654e+27
Results for EXPONENTIAL_DECAY with DIFFERENTIAL_EVOLUTION_BEST 30D algorithm:
[2.5546936746916573e-152, 1.3940820148003112e-149, 1.6008736936943281e-152, 6.303777206235586e-148, 3.0625493105056014e-152, 9.400559073611822e-154, 2.8179119813903676e-149, 1.9272198249563806e-151, 3.968986693919522e-148, 1.0950541826366435e-148, 4.7027028909890195e-154, 1.795826330823598e-150, 3.10557293140368e-150, 9.821455641461958e-157, 3.404987801911392e-151, 1.5837487084723463e-149, 4.780596375905671e-153, 4.767235001523954e-153, 4.3017890222891833e-150, 2.01672991128519e-152, 6.1944751270820696e-152, 2.7689528609099794e-147, 3.132984511267225e-148, 1.0865442209293648e-153, 4.583010578252498e-152, 1.2567523338529214e-151, 1.314809747179854e-151, 1.7979899229587256e-150, 1.6480107287892798e-147, 9.581045815903508e-153]
AVG = 1.9790048604609212e-148
Results for SIGMOID with DIFFERENTIAL_EVOLUTION_BEST 30D algorithm:
[1.0, 1.0, 1.0, 1.0, 1.0, 1.0, 1.0, 1.0, 1.0, 1.0, 1.0, 1.0, 1.0, 1.0, 1.0, 1.0, 1.0, 1.0, 1.0, 1.0, 1.0, 1.0, 1.0, 1.0, 1.0, 1.0, 1.0, 1.0, 1.0, 1.0]
AVG = 1.0
Results for TRIANGLE with DIFFERENTIAL_EVOLUTION_BEST 30D algorithm:
[-0.9999930607056058, -0.9999923532042203, -0.999978884156917, -0.9999730026353291, -0.9999780216970748, -0.9999709368620415, -0.9998849099714562, -0.9999776664062665, -0.9999581295052167, -0.9999208061415743, -0.9999128397933532, -0.9999044200162075, -0.9999513666845701, -0.9999325561772139, -0.9999621803148102, -0.9999875930101894, -0.9999120494102272, -0.9999794690231738, -0.9998373093517898, -0.9999839736025251, -0.9998960786895736, -0.999997128506493, -0.9999612497281305, -0.999915376939498, -0.9999427867319923, -0.9999995948654146, -0.9999863910624072, -0.9999999875852268, -0.9999717970607662, -0.9999955517968715]
AVG = -0.9999552490545379
Results for QUADRATIC_SINE with DIFFERENTIAL_EVOLUTION_BEST 30D algorithm:
[-1.2990381046137354, -1.299038101225226, -1.2990381047034179, -1.2990381056766003, -1.2990381056158795, -1.2990381054740205, -1.2990380974359772, -1.2990381026380824, -1.299038102693781, -1.2990381054897342, -1.2990380993659556, -1.2990381039112129, -1.2990380817015748, -1.299038105521063, -1.2990381031212495, -1.2990381052054478, -1.299038104642726, -1.2990380778544521, -1.2990381011312127, -1.2990381050296214, -1.2990381056090379, -1.2990381051498274, -1.2990380947559028, -1.299038105654198, -1.2990381014857215, -1.2990381053820457, -1.2990380978274623, -1.2990380910686834, -1.299038100923571, -1.2990380810738786]
AVG = -1.2990381003993765
Results for GAUSSIAN_BELL with DIFFERENTIAL_EVOLUTION_BEST 30D algorithm:
[0.0, 0.0, 0.0, 0.0, 0.0, 0.0, 0.0, 0.0, 0.0, 0.0, 0.0, 0.0, 0.0, 0.0, 0.0, 0.0, 0.0, 0.0, 0.0, 0.0, 0.0, 0.0, 0.0, 0.0, 0.0, 0.0, 0.0, 0.0, 0.0, 0.0]
AVG = 0.0
Results for SAWTOOTH with DIFFERENTIAL_EVOLUTION_BEST 30D algorithm:
[-0.9999809160716495, -0.9999911302808187, -0.9999880341392782, -0.999997348606712, -0.9999845899781121, -0.9999102547760685, -0.9998955039819748, -0.9999640935043317, -0.9999776819767021, -0.9999990840402688, -0.9998922489666029, -0.9998878287005937, -0.9999387608028201, -0.9999960749528327, -0.9999565818300198, -0.9998465362051547, -0.9999926300434936, -0.9999450432188723, -0.9999948013542053, -0.999960448850743, -0.9999560532642136, -0.9999992394393757, -0.9999476370115872, -0.9999613183216525, -0.9999220310155579, -0.999973776940351, -0.9999955699438487, -0.9999945535876122, -0.9999896620203117, -0.9999956219753585]
AVG = -0.9999611685267041
Results for TANH with DIFFERENTIAL_EVOLUTION_BEST 30D algorithm:
[1.0, 1.0, 1.0, 1.0, 1.0, 1.0, 1.0, 1.0, 1.0, 1.0, 1.0, 1.0, 1.0, 1.0, 1.0, 1.0, 1.0, 1.0, 1.0, 1.0, 1.0, 1.0, 1.0, 1.0, 1.0, 1.0, 1.0, 1.0, 1.0, 1.0]
AVG = 1.0
Results for LOGISTIC_SIGMOID with DIFFERENTIAL_EVOLUTION_BEST 30D algorithm:
[1.0, 1.0, 1.0, 1.0, 1.0, 1.0, 1.0, 1.0, 1.0, 1.0, 1.0, 1.0, 1.0, 1.0, 1.0, 1.0, 1.0, 1.0, 1.0, 1.0, 1.0, 1.0, 1.0, 1.0, 1.0, 1.0, 1.0, 1.0, 1.0, 1.0]
AVG = 1.0
Results for QUADRATIC_GROWTH with DIFFERENTIAL_EVOLUTION_BEST 30D algorithm:
[6751.660778312167, 10333.612151890244, 4367.6373101265635, 7592.19865888867, 6637.319434299991, 6414.41951996679, 9524.379932951066, 5062.794988295439, 8860.969298212087, 12164.261276814204, 5041.935827486983, 4828.541985957458, 3878.8106337804247, 7179.701741850528, 8588.698181198679, 4155.089101863395, 3431.68749060066, 4864.642299120745, 2307.4571989385677, 7447.0141015421195, 5104.646233734997, 6378.319240598742, 4363.987598861791, 7543.181452751155, 7255.384350030483, 9327.436421341246, 4045.507824527844, 4356.847851730097, 4185.0041071738215, 4969.490818234097]
AVG = 6232.087927036035
Results for QUADRATIC_DECAY with DIFFERENTIAL_EVOLUTION_BEST 30D algorithm:
[-245866.02575236498, -248065.4452836365, -248452.530412192, -242200.24225135244, -273256.36615728255, -235111.22592594897, -245190.73712297686, -244636.74672134384, -238351.4661697023, -256015.21913932366, -240808.47217990548, -233467.36585408193, -232458.73550617232, -250034.95355126687, -241012.16020625766, -266295.1899500398, -251103.27411977362, -238807.87864917508, -247838.32909217753, -256004.93038748708, -252230.31844143674, -262719.72602641553, -254797.56926939415, -240374.67289375656, -245572.77063219703, -263093.86159937456, -247287.04920735283, -253603.01954955317, -249043.83687037945, -243358.84668862383]
AVG = -248235.2988536982
Results for SQUARE_ROOT with DIFFERENTIAL_EVOLUTION_BEST 30D algorithm:
[7.997396860062236, 9.68245504450519, 7.796477875273118, 9.313446886021977, 7.881774891725185, 9.364801647444443, 8.332735363207851, 9.240780616304049, 8.239477928999621, 10.098211638695576, 8.982227998052629, 8.081466226361627, 8.333041972774826, 8.995831959280883, 8.847963727548409, 8.901186911185203, 9.16970375163269, 7.999823645428849, 7.91988468488253, 8.814302670541682, 10.192558689869472, 8.651759701820115, 7.1834371688840335, 8.238990338466268, 8.684009318657194, 7.978457922418017, 8.819163442971227, 7.528851351992991, 9.233735215252949, 9.327027802231978]
AVG = 8.661032775083093
Results for CUBIC with DIFFERENTIAL_EVOLUTION_BEST 30D algorithm:
[460127.1481774339, 207299.43431957002, 236709.4894127771, 392472.5687758621, 553980.5643393873, 259359.92894757743, 251370.03671546245, 529624.9168931814, 288745.5384999966, 640980.7800357448, 328189.87185991637, 174611.397482763, 578598.7773898649, 523339.6315678074, 324721.9753695308, 522844.29757030617, 122100.9156713812, 627937.9879542184, 165056.6614400316, 318598.3685450015, 243097.80599031696, 292564.83175326826, 594030.7398579888, 285940.60044090793, 441888.1546560601, 198103.94891859248, 824051.9260092956, 191945.06075286286, 101301.59837937249, 289469.3031397496]
AVG = 365635.4753622076
Results for LOGARITHMIC with DIFFERENTIAL_EVOLUTION_BEST 30D algorithm:
[4.375697942422957, 4.537798712292754, 4.3543562831556235, 4.019178005975357, 4.149942803613486, 4.100188488788909, 4.297589465614826, 4.41169551844085, 4.266035427519185, 4.248346248308914, 4.407210147741527, 4.2947385729518395, 4.236717917798529, 4.122057455987989, 4.562472767107234, 4.209654164726681, 3.9819189598169515, 4.3596205246860675, 4.032145165080015, 4.02072888541843, 3.9762578021246715, 4.207672571135761, 4.263292287081769, 4.461741666150495, 4.430268144960861, 4.286368712488802, 4.2173571155042495, 4.226896546855204, 4.052847524868421, 4.5308920054268995]
AVG = 4.254722927801509
Results for POWER with DIFFERENTIAL_EVOLUTION_BEST 30D algorithm:
[175093.93290320455, 413245.76166212733, 95752.07532536576, 207653.03472330628, 279081.2579913778, 181383.07142537297, 287827.5042574464, 648099.3591212922, 447887.31285521487, 250194.49070153997, 312948.04275061603, 161597.4895792955, 408416.19823875546, 580309.7474258726, 524542.6911221676, 455893.5431239892, 508959.36383389065, 410644.44523286616, 290523.79449912487, 356022.0425953217, 429008.43270015874, 519925.36689277936, 508024.29354223754, 206533.20170190593, 197147.47629217347, 463399.2500270899, 192639.2546677215, 569482.3231228589, 736252.7259937315, 361345.0554929559]
AVG = 372661.0846600588
Results for REULEAUX_TRIANGLE with DIFFERENTIAL_EVOLUTION_BEST 30D algorithm:
[88.89999880222567, 89.56454138061892, 86.60881255103378, 64.17181037731254, 75.34770642226316, 73.76388857459469, 77.08644867442275, 56.24618389283376, 60.468670039986314, 79.14165300063378, 50.299793997738995, 69.14202602334845, 45.96543136195276, 44.311958373501426, 78.19607277159369, 59.48605778298918, 71.34977575571664, 74.85513423812665, 75.14536567176722, 87.09056275756137, 54.21163280436833, 85.51342908825428, 67.84719876549785, 66.41593101320237, 83.78957934326036, 49.96765780660685, 64.93552325250366, 74.57054035971817, 72.8616474475574, 75.37866696026298]
AVG = 70.0877899763818
Results for DIRICHLET with DIFFERENTIAL_EVOLUTION_BEST 30D algorithm:
[-0.010105591736488131, -0.012483713321668926, -0.01248371332175723, -0.011575680458462334, -0.011575680458467753, -0.01632575932099362, -0.01819214632172302, -0.01010559173649192, -0.013546344345117959, -0.014806733946549022, -0.012483713321774748, -0.016325759320993442, -0.01248371332160793, -0.012483713321776984, -0.01354634434513948, -0.013546344345137996, -0.016325759320997824, -0.01632575932097665, -0.018192146321794788, -0.010790793849470291, -0.010790793849513562, -0.010105591736503869, -0.009502216618783532, -0.018192146321657943, -0.010790793849533737, -0.008488569447755183, -0.013546344345139632, -0.013546344345139953, -0.020540454041753732, -0.010790793849439722]
AVG = -0.013333301672087029
Results for LOGARITHMIC_GROWTH with DIFFERENTIAL_EVOLUTION_BEST 30D algorithm:
[4.190902762085465, 3.841473672941282, 4.03639576553204, 3.536739179641203, 4.419189603509583, 4.191134250186807, 4.2018211444703075, 4.468593091158509, 4.0313644243601505, 4.126828063888998, 4.491751741774088, 4.079533203048366, 4.195285038699569, 4.610939414669048, 4.240011100616942, 4.015377590863613, 4.297746125303809, 4.544544339365786, 4.234981041342854, 4.397828425983978, 4.341324822872812, 4.338020098356532, 4.253775008050831, 4.332179734327308, 3.9811850177834875, 4.124177186572876, 3.8780672213899194, 4.469572577596752, 4.086720376084027, 4.277604384625116]
AVG = 4.207835546903403
Results for LOGARITHMIC_DECAY with DIFFERENTIAL_EVOLUTION_BEST 30D algorithm:
[-6.194896571749959, -6.2492525155433265, -6.214146574659303, -6.252030801691479, -6.204764247416113, -6.228054308161173, -6.251365785740849, -6.215832886272807, -6.191096209494392, -6.2322059517411965, -6.217818578311699, -6.205050660360992, -6.223853686128165, -6.226940878100944, -6.168484446567078, -6.207511249165588, -6.210656607738537, -6.204036756367299, -6.212332271436961, -6.216518929412874, -6.241065900034743, -6.217720629476101, -6.185042209366913, -6.210216284851686, -6.206949292418461, -6.221466763655136, -6.2252984742261415, -6.23205841826699, -6.20643589888266, -6.207401583308816]
AVG = -6.216016845684947
Results for INVERTED_SINE with DIFFERENTIAL_EVOLUTION_BEST 30D algorithm:
[-0.999999999310504, -0.9999999855200947, -0.9999999987154466, -0.9999999998169896, -0.9999999999971491, -0.9999999994772896, -0.9999999996896721, -0.9999999974470023, -0.9999999993079572, -0.9999999996925213, -0.9999999943403874, -0.9999999997612338, -0.9999999994687869, -0.9999999977781285, -0.999999997520855, -0.9999999961681793, -0.9999999979893993, -0.9999999999995588, -0.9999999996581695, -0.9999999994046569, -0.9999999896705888, -0.9999999980288076, -0.9999999977924616, -0.9999999959609619, -0.9999999990499685, -0.9999999999783855, -0.9999999983327482, -0.9999999961657983, -0.9999999971017164, -0.999999994746797]
AVG = -0.9999999975964072
Results for RASTRIGIN with DIFFERENTIAL_EVOLUTION_BEST 30D algorithm:
[164470.74070292487, 83731.2624080066, 111779.90759997393, 113898.35771679046, 253042.24271640365, 219619.4801860251, 205290.06666030324, 230379.94806662848, 214482.92420850866, 279247.74611242616, 63667.76051358918, 112883.2988905648, 188397.31326219827, 109935.53192944307, 83876.04070568686, 178777.43518660017, 138147.41321245686, 213887.15532722502, 172219.5394472741, 185087.48119496563, 109169.8306341752, 169285.55834687955, 171054.89109694088, 130966.66466923447, 88434.30268531984, 345323.7105446356, 94706.89525146692, 334705.0373024302, 155013.118834855, 276997.702526899]
AVG = 173282.6452646944
Results for ACKLEY with DIFFERENTIAL_EVOLUTION_BEST 30D algorithm:
[20.263341399068157, 20.087147641280705, 20.112930809569303, 20.22846177339707, 20.21181190635576, 20.188501242220855, 20.429173610647428, 20.369379696490853, 20.697883691913322, 20.311666631294845, 20.200983785687743, 20.20237384328239, 20.251425045832374, 20.175531981701976, 20.130243286793817, 20.17999427279501, 20.229180887980693, 20.366968156386303, 20.21419256741584, 20.27977505008238, 20.16527483489377, 20.206431241707303, 20.400136831953947, 20.332786926985587, 20.20263383287345, 20.165240030368558, 20.16815685771151, 20.419532428686697, 20.161693433050022, 20.18959713273274]
AVG = 20.251415027705345
Results for MICHALEWICZ with DIFFERENTIAL_EVOLUTION_BEST 30D algorithm:
[-16.4425556870982, -16.82018403367062, -20.657008531971304, -19.741648808390657, -17.649662815108606, -17.07507454316457, -17.616228460825976, -17.027513259405, -17.412178342324566, -18.271594505796575, -19.777176831644045, -20.316137307862306, -18.81561141143841, -15.677072065356102, -15.836871252005126, -18.128107249343394, -18.39300947569275, -19.071074464035014, -17.073317820051283, -17.669918122509454, -16.6917146805418, -19.2955227109927, -19.34625894129889, -16.54543619642275, -17.329001371905772, -20.44617953649683, -19.57354634229933, -18.737014546745986, -15.621790322977194, -18.086704875079647]
AVG = -18.038170483748498
