Results for IDENTITY with DIFFERENTIAL_EVOLUTION_BEST 2D algorithm:
[2.235276256172908e-19, 6.26985824086464e-25, 1.9060135682288042e-78, 2.2931693007350623e-17, 4.640794731149339e-13, 1.6455212157502817e-12, 3.3245849703180222e-56, 1.6504675734789662e-29, 2.155178105724605, 7.981099388991041e-23, 1.3647350285808441e-17, 6.065371916949707e-08, 0.012970313170161443, 4.389507961485197e-31, 1.3867274435788142e-11, 2.3753573942881785e-15, 0.12540682844593626, 2.0965343411163256e-16, 1.4481710913879652e-37, 1.653944153337367e-07, 1.5049782161119397e-42, 1.2929251940179465, 8.345540468353693e-27, 2.0883849486317132e-54, 0.009598119339828352, 4.2995808796928556e-19, 5.6413040298098416e-21, 1.0539370427246672e-55, 6.193796559769134e-80, 2.411544097428387e-44]
AVG = 0.11986929289208637
Results for LINEAR with DIFFERENTIAL_EVOLUTION_BEST 2D algorithm:
[1.6026524652542728e-20, 2.645983291821749e-07, 3.625008727968339e-32, 6.268380229350092e-76, 1.9963633726324183e-17, 1.0721766281006713e-79, 1.5136412241358716e-45, 9.709987625802462e-09, 2.793693172783859e-18, 7.067781677147753e-72, 8.269739628193997e-10, 1.8781828749630086e-79, 2.57981438611023e-63, 1.9409797126639553e-69, 8.566946672104221e-32, 2.4874387004284396e-21, 5.316220413243477e-18, 1.9258883681690565e-16, 7.315913838316119e-63, 5.681987644667039e-12, 2.0403257948867935e-13, 3.8240328878393583e-19, 1.3269586970589453e-12, 4.204586390316809e-53, 4.3938587232946795e-11, 3.386004250482804e-11, 3.9500114305462915e-31, 2.4598891624940024e-49, 0.4281287688453203, 2.0842992582233382e-14]
AVG = 0.014270968135521457
Results for PARABOLA with DIFFERENTIAL_EVOLUTION_BEST 2D algorithm:
[1.699448027703218e-15, 6.218466532797489e-56, 3.7346095588993633e-42, 1.3796067919819842e-15, 0.15882879828723032, 1.4226607716477041e-150, 4.255081354904975e-16, 8.551849402453667e-66, 0.1363193538296092, 8.166491763747448e-16, 8.297252649097349e-134, 1.777382648830102e-136, 5.252029818476994e-15, 1.2398100270097387e-137, 3.317993373840491e-55, 3.867903194347983e-122, 6.426680739666186e-67, 4.4124056948081926e-11, 1.0328979625341306e-21, 0.00866999677572386, 1.4791945518540427e-59, 9.564975342317173e-76, 8.940472666614167e-37, 5.946353262137655e-41, 1.3260025826942452e-11, 3.751428245427543e-40, 9.06834524363671e-159, 2.4433467085264623e-26, 6.180734792039663e-14, 0.0005010978663366901]
AVG = 0.010143974893878516
Results for SINUS with DIFFERENTIAL_EVOLUTION_BEST 2D algorithm:
[-0.9999219453390926, -1.0, -0.9999944675735832, -0.9999217685187223, -1.0, -0.9999958102371548, -0.9999903939979571, -1.0, -0.9999999999999964, -1.0, -1.0, -0.9999997594841039, -0.9999594837949528, -1.0, -1.0, -1.0, -0.9999994318509543, -1.0, -0.9999432105047493, -1.0, -0.9999863688102689, -1.0, -1.0, -0.9999563654381256, -1.0, -1.0, -1.0, -1.0, -0.9999999999994765, -0.9999998480077077]
AVG = -0.9999889617852282
Results for COSINUS with DIFFERENTIAL_EVOLUTION_BEST 2D algorithm:
[-0.9998739985865571, -0.9958441974105416, -1.0, -1.0, -0.9992923948498919, -0.9999890821603294, -0.9999544886604711, -0.9999461203038797, -1.0, -0.999537855304685, -0.9999999999057504, -1.0, -0.9999848293205883, -0.999995404299991, -1.0, -0.9999988326436984, -1.0, -0.9999918309451474, -0.9999993082774666, -1.0, -1.0, -0.9999824373609533, -0.9999830499339378, -0.9999791007342508, -1.0, -0.9999991257682606, -0.9984646393551553, -0.9999599519422631, -1.0, -1.0]
AVG = -0.9997592215921274
Results for EXPONENTIAL_GROWTH with DIFFERENTIAL_EVOLUTION_BEST 2D algorithm:
[1.0, 1.0, 1.0, 1.0, 1.0, 1.0, 1.0, 1.0000000980228076, 1.0, 1.0, 1.0, 1.0000050959488613, 1.0, 1.0, 1.1892199639209462, 1.0, 1.0000000000000715, 1.0000076607756987, 1.0, 1.0000000000136204, 1.0, 1.0, 1.000000000000025, 1.0000000000000422, 1.0, 1.0000003613952446, 1.0, 1.0, 2.1094924878391383, 1.0009567680697486]
AVG = 1.0433227478662068
Results for EXPONENTIAL_DECAY with DIFFERENTIAL_EVOLUTION_BEST 2D algorithm:
[2.809910931520153e-43, 2.6798530516900854e-43, 2.6787395088452932e-43, 2.7331640563331997e-43, 2.704160591477174e-43, 3.604522044199243e-43, 2.6793027749871315e-43, 2.9151369430106162e-43, 2.67873544281978e-43, 2.678734958662651e-43, 2.6790282266141026e-43, 2.6837028629615366e-43, 3.931284474470293e-43, 7.161390760816818e-43, 2.678735044041832e-43, 2.732370099248543e-43, 3.4629295403193085e-42, 2.7282245781745575e-43, 2.6818040178225744e-43, 2.6951962854855768e-43, 2.678741488344395e-43, 2.6787349822991195e-43, 2.678734971483294e-43, 2.6808466556437596e-43, 2.6906618612492e-43, 2.6787349648576354e-43, 2.6787350983892042e-43, 2.6787349565425798e-43, 2.684352864538499e-43, 2.678853979085198e-43]
AVG = 3.985680795960238e-43
Results for SIGMOID with DIFFERENTIAL_EVOLUTION_BEST 2D algorithm:
[0.5000235982170107, 0.5, 0.5, 0.5, 0.5145995372077709, 0.5, 0.5, 0.5, 0.5, 0.5008307805592711, 0.5000006563362341, 0.5000000000059217, 0.5335925769427191, 0.5000922064947996, 0.5, 0.5001044835479498, 0.5, 0.500028082123649, 0.5000332305181384, 0.5000000002615236, 0.5, 0.5, 0.5000000000000909, 0.5000001677832626, 0.5000000000075994, 0.5, 0.5, 0.5002241657065313, 0.5000113605054294, 0.5000000000000001]
AVG = 0.5016513615405966
Results for TRIANGLE with DIFFERENTIAL_EVOLUTION_BEST 2D algorithm:
[-0.9992195405283439, -0.9909001940908979, -0.9975942335504158, -0.9947325135251219, -0.9944259910939834, -0.9999390896238793, -0.9943456139294824, -0.9831268610889907, -0.9975953118750027, -0.979912333079838, -0.9931333304658523, -0.9999999999999574, -0.991707131364052, -1.0, -1.0, -0.9999985153689153, -1.0, -1.0, -0.9984799080922215, -0.9985733722717214, -0.9795737943717349, -0.9908488779827991, -0.9813570671332315, -0.974797294573257, -0.9999999999997726, -1.0, -0.9988769942559941, -0.9803313420973581, -0.9988081412114127, -0.9997488120502069]
AVG = -0.9939342087874814
Results for QUADRATIC_SINE with DIFFERENTIAL_EVOLUTION_BEST 2D algorithm:
[-1.2990234848738336, -1.2989734252466942, -1.298877976898789, -1.2986323833920128, -1.2990307234640361, -1.299038105676658, -1.2989556000976807, -1.299038105676658, -1.2990364834426198, -1.2990310384193628, -1.299038105676658, -1.2990286481480928, -1.2989728985523479, -1.299038105676658, -1.2990381056766573, -1.2988899397330405, -1.2980664404465856, -1.2990272351342655, -1.2981939201193635, -1.299038105676658, -1.2990062256073436, -1.2978055570290703, -1.2989442595757583, -1.2985210720969296, -1.2990360416282458, -1.2970346079046968, -1.2990264577710102, -1.2984334842802252, -1.299022559135715, -1.2990333592411938]
AVG = -1.2987944152099622
Results for GAUSSIAN_BELL with DIFFERENTIAL_EVOLUTION_BEST 2D algorithm:
[0.0, 0.0, 0.0, 0.0, 0.0, 0.0, 0.0, 0.0, 0.0, 0.0, 0.0, 0.0, 0.0, 0.0, 0.0, 0.0, 0.0, 0.0, 0.0, 0.0, 0.0, 0.0, 0.0, 0.0, 0.0, 0.0, 0.0, 0.0, 0.0, 0.0]
AVG = 0.0
Results for SAWTOOTH with DIFFERENTIAL_EVOLUTION_BEST 2D algorithm:
[-0.9967039652641319, -0.9922283388413575, -0.9961192816201745, -1.0, -0.9995201004077501, -0.9646428102225002, -0.9354596546787945, -0.9908799853277799, -0.9989464311076404, -0.9749366242926669, -1.0, -0.9905624776122721, -0.9919013058245412, -0.9927777649941731, -0.9999999999947633, -1.0, -0.9978494558609441, -0.9912319294629413, -0.974475969126587, -0.9954706468330414, -0.9999998218307553, -0.9995950221099079, -0.9984369327103622, -0.9985900799455862, -0.9992505642124421, -0.9995487014979858, -0.9974804135842703, -0.9912779469742077, -0.9931559694238459, -0.9995983007287919]
AVG = -0.9920213498163405
Results for TANH with DIFFERENTIAL_EVOLUTION_BEST 2D algorithm:
[3.667312781167432e-21, 1.870842331503612e-75, 1.4064063160588167e-81, 1.2330981633268774e-16, 3.627019799051387e-64, 0.9804990324554739, 6.181401984407382e-58, 1.4940812543197511e-25, 3.800686145178485e-23, 8.780882545623445e-70, 0.9996881504685671, 0.1765982667691751, 1.005155875766926e-11, 7.01666189161119e-18, 9.989710714409481e-48, 1.4018988071066085e-24, 3.1651032822480507e-50, 1.387753081957569e-12, 5.036882048779608e-06, 8.341963600794125e-05, 3.5270173513554344e-09, 2.1343358085655523e-21, 1.2199336936024369e-20, 1.2891359891439264e-79, 0.9902325450478571, 1.551787367971414e-11, 1.7871922358729392e-36, 1.1023967808998703e-18, 1.0270848125995791e-24, 2.954522985133888e-76]
AVG = 0.10490354849377016
Results for LOGISTIC_SIGMOID with DIFFERENTIAL_EVOLUTION_BEST 2D algorithm:
[0.5000000122805014, 0.5, 0.5, 0.5000968625107081, 0.5, 0.5, 0.5000000001210835, 0.5, 0.5000000004686147, 0.5, 0.5, 0.5, 0.5000005800883863, 0.5, 0.5, 0.9905943692695324, 0.5, 0.5000123819933533, 0.5, 0.50000000457278, 0.5, 0.500000000023074, 0.5, 0.5221107190948614, 0.5000011675369251, 0.5, 0.5, 0.5000000047480482, 0.5000000000000001, 0.5]
AVG = 0.5170938700902623
Results for QUADRATIC_GROWTH with DIFFERENTIAL_EVOLUTION_BEST 2D algorithm:
[1.0, 1.0, 1.0, 1.0000000000654607, 1.0000759104907524, 1.0, 1.0092726657841382, 1.000000000000007, 1.0, 1.0, 1.0339050091444062, 1.0, 1.0, 1.0, 1.0, 1.0, 1.0, 1.0000000000003324, 1.0000029734521088, 1.0185147794341591, 1.0, 1.0, 1.0, 1.004914622785313, 1.0, 1.0, 1.0, 1.0000000000000009, 1.0, 1.0]
AVG = 1.0022228653718892
Results for QUADRATIC_DECAY with DIFFERENTIAL_EVOLUTION_BEST 2D algorithm:
[-19998.999997000737, -19998.999999999833, -19999.0, -19994.847511111162, -19999.0, -19998.99999998054, -19999.0, -19998.94710291596, -19998.99776469752, -19979.637723253345, -19650.687934059308, -19910.565564984914, -19797.48336028836, -19998.999999988337, -19967.549317021192, -19998.99990131235, -19998.999999999985, -19998.999999653148, -19995.34495145864, -19895.368757353717, -19997.374408584197, -19998.999999967018, -19998.989487047053, -19961.246963613044, -19997.73145349184, -19868.354093260954, -19988.811056158585, -19998.924758367175, -19999.0, -18613.79154932322]
AVG = -19920.08845516307
Results for SQUARE_ROOT with DIFFERENTIAL_EVOLUTION_BEST 2D algorithm:
[5.845013124355503e-31, 1.0978420438165584e-09, 0.00010554845514225471, 1.3976014943400538e-08, 1.363516793870623e-20, 4.1271243282084286e-16, 1.0767957743267813e-05, 0.014701002356322258, 6.736704002794726e-34, 3.017475590494135e-08, 5.615951587456313e-20, 2.9796340847613424e-38, 0.0001741043028136164, 8.199569931249339e-07, 0.28451930524175445, 1.7230725175992606e-07, 1.0725116916713791e-06, 0.007148620571180615, 0.005880408676966241, 0.0013422913734853356, 1.1879952236615431e-09, 7.830093681713568e-27, 1.0670683730018075e-41, 0.0002135955261683202, 7.122876750161754e-17, 2.1887947675969323e-11, 2.3133481561386316e-28, 5.765581146265278e-06, 0.023861911111342882, 3.128634913482056e-09]
AVG = 0.011265514517237785
Results for CUBIC with DIFFERENTIAL_EVOLUTION_BEST 2D algorithm:
[0.000715782974035712, 1.0534148608981725e-141, 1.6979283097813414e-72, 1.2192346370079292e-123, 8.125524154443658e-117, 1.8700757841641775e-14, 8.714092508222242e-195, 1.8131584769821397e-10, 3.0347132950541545e-162, 2.646155240654815e-93, 1.695996095528908e-32, 32.35034447851618, 2.735426826082652e-16, 9.499020797237932e-20, 2.292889219869531e-48, 4.273086411398216e-88, 1.9019732087685055e-201, 7.281345673737862e-33, 9.052249261461013e-15, 5.45729576489505e-166, 9.711668624760927e-135, 4.3088489918768415e-179, 5833.62561922898, 1.2082624665492584e-105, 2.4235200589983388e-27, 7.450537245796859e-76, 5.297859240918942e-190, 4.0493369846301155e-85, 2.6139440737904645e-10, 4.295977879386397e-23]
AVG = 195.53255598303042
Results for LOGARITHMIC with DIFFERENTIAL_EVOLUTION_BEST 2D algorithm:
[0.0, 7.771561172376066e-15, 0.0, 1.7763568394002489e-15, 1.4558809267649173, 0.0, 0.0, 0.0, 0.0, 0.000988247302946219, 1.110223024625156e-15, 5.644447130320932e-10, 0.0, 1.4453993557490454e-11, 0.002524970824242172, 0.0, 0.0, 3.774758283725461e-14, 0.0, 0.0, 0.0, 2.2204460492503128e-16, 7.283063041540762e-14, 1.3604006809849359e-11, 0.7969487802520726, 0.0, 5.347588140316345e-08, 1.1667600218631016e-10, 0.0, 6.204855444299924e-05]
AVG = 0.0752135009294601
Results for POWER with DIFFERENTIAL_EVOLUTION_BEST 2D algorithm:
[1.2425163395849362e-06, 5.73029930554127e-100, 1.6196699569704412e-211, 3.280315289619266e-96, 7.294980792422171e-164, 3.869123972852517e-13, 2.2667806121327356e-240, 1.2811789979307504e-19, 4.900667576749713e-191, 9.066547562619302e-13, 8.624375974229775e-171, 1.1822876231909006e-18, 5.5677267479181955e-30, 1.4299480371545511e-38, 1.4187857620818987e-90, 1.6461650857564747e-32, 2.537859685420396e-07, 1.0324331599361524e-47, 1.3083985794198857e-27, 1.210010394743951e-25, 3.1377491694702066e-28, 2.304450308985769e-233, 3.23660753129854e-114, 5.0917633296996675e-148, 6.478519309553256e-86, 1.9225600046875812e-80, 2.779468446810736e-88, 8.518596445640486e-230, 2.6645452088230595e-72, 5.53695985950058e-46]
AVG = 4.987678672318133e-08
Results for REULEAUX_TRIANGLE with DIFFERENTIAL_EVOLUTION_BEST 2D algorithm:
[1.0, 1.0, 1.0, 1.0000000000066263, 4.396557351414952, 1.000057199097887, 1.0, 1.0000000000047775, 1.0000197240010986, 1.037016426549636, 1.0, 1.0, 1.0, 1.4871114257896552, 1.0, 1.0000002194021103, 1.0000000000018248, 1.0000079687506722, 1.0, 1.0, 1.0, 1.0, 1.0000647765421915, 1.0, 1.0, 1.0, 1.0, 1.0, 1.0, 1.0]
AVG = 1.1306945030520477
Results for DIRICHLET with DIFFERENTIAL_EVOLUTION_BEST 2D algorithm:
[-0.21723362821122166, -0.21723362710138897, -0.21723362821122166, -0.21723362821122166, -0.21723362821122166, -0.21723362821122166, -0.21723362821122166, -0.09132520282305767, -0.21723362821122166, -0.02768973230114919, -0.21723362821122166, -0.21723362821122166, -0.21723362821122166, -0.21723362821122166, -0.21723362821122166, -0.21723362821122166, -0.21723362821122166, -0.21723362821122166, -0.21721903706858467, -0.21723362821122166, -0.21723362821122166, -0.21723362821122166, -0.2165339766437879, -0.21723362821122166, -0.21723362821122166, -0.21723362821122166, -0.020540454041753732, -0.21723362821122166, -0.21723362821122166, -0.21723362821122166]
AVG = -0.20013830356830145
Results for LOGARITHMIC_GROWTH with DIFFERENTIAL_EVOLUTION_BEST 2D algorithm:
[2.2204460492503128e-16, 5.088639777490405e-05, 4.2897998944526874e-07, 0.0, 0.0, 0.0, 0.0, 0.0, 0.0, 0.0, 5.2721067898242055e-08, 2.701727730060352e-10, 1.2691449596360537e-07, 0.0, 0.0, 1.110223024625156e-15, 0.17188299189059011, 0.0, 4.3829770827712055e-09, 0.0, 2.4424906541753144e-14, 0.0, 4.0367709175362543e-13, 0.0, 0.0, 2.3508289038889425e-07, 0.0, 0.0, 0.0, 9.870710910422466e-10]
AVG = 0.00573115758758197
Results for LOGARITHMIC_DECAY with DIFFERENTIAL_EVOLUTION_BEST 2D algorithm:
[-4.958789961154941, -4.957940771451989, -4.958789801304316, -4.9587899613095745, -4.946067413174603, -4.958788710180388, -4.955475893664865, -4.958789961281299, -4.958677625488354, -4.958761638707792, -4.958789961309514, -4.958788822695518, -4.954203479484549, -4.958789961309107, -4.958787276236055, -4.9078963465819845, -4.958789961298863, -4.958789705797148, -4.956325953248065, -4.958789906437282, -4.919429510286609, -4.958789959314703, -4.951289059243671, -4.958789959705101, -4.9587899599725365, -4.9587899613095745, -4.958624064054566, -4.958789961309567, -4.892051032312603, -4.954885509353251]
AVG = -4.952368402965947
Results for INVERTED_SINE with DIFFERENTIAL_EVOLUTION_BEST 2D algorithm:
[-0.9999878799092461, -0.9999979041119623, -0.9994031489616373, -1.0, -0.9999955084790257, -1.0, -1.0, -0.9999941006822598, -0.9999999955960529, -1.0, -0.9998986156874418, -1.0, -0.9985515350097387, -1.0, -0.9996239060992421, -0.9999998154985149, -0.9999994917072428, -0.9999999731558952, -0.9998682203767839, -0.9999999080876146, -0.9999999999999997, -0.9999999983477107, -0.9999249673488482, -1.0, -1.0, -1.0, -0.997596836151603, -0.9999988625469084, -0.9998792706856838, -0.9999961627349665]
AVG = -0.9998238700392794
Results for RASTRIGIN with DIFFERENTIAL_EVOLUTION_BEST 2D algorithm:
[1.9899181141865796, 1.9899181141865796, 1.9899181141865796, 1.9899181141865832, 0.0, 7.959662381108173, 1.9899181141865796, 1.9899181141865796, 1.9899181141865832, 1.9058830621723999, 1.9899181141865796, 0.0, 1.9899181141865832, 2.008429153582778, 7.959662381108174, 1.9899181141865796, 1.9899691905651196, 1.9899181141865796, 1.9899181141865796, 1.9899181141865796, 7.959662381108173, 1.9899518357084638, 0.0, 1.9899181141865796, 1.9899181141865796, 1.9910423446676937, 2.0605739337042905e-13, 7.959662381108174, 1.9899181141865796, 7.959662381108174]
AVG = 2.717409243974094
Results for ACKLEY with DIFFERENTIAL_EVOLUTION_BEST 2D algorithm:
[1.0700478800806934e-06, 4.440892098500626e-16, 4.440892098500626e-16, 2.820267899217299e-07, 4.440892098500626e-16, 0.21851710244526545, 4.440892098500626e-16, 4.440892098500626e-16, 3.845222264731163e-05, 3.9968028886505635e-15, 2.5799275570298694, 20.000052129981793, 20.018617774090853, 2.5799275570298694, 10.120375705407382, 6.913162668986672e-07, 16.84664393065091, 2.5799275570298694, 4.440892098500626e-16, 4.440892098500626e-16, 0.0005581194133381651, 4.440892098500626e-16, 4.440892098500626e-16, 0.00010165657601435285, 11.52528615461626, 6.798086538140069e-10, 3.3253120257370483e-09, 4.440892098500626e-16, 20.000171401016896, 4.440892098500626e-16]
AVG = 3.549004904830234
Results for MICHALEWICZ with DIFFERENTIAL_EVOLUTION_BEST 2D algorithm:
[-1.613803866892516, -1.9264402270137833, -1.2324527407659684, -1.8426504333818856, -1.8221636542921795, -1.9057722916264548, -1.657238441084711, -1.993725236955325, -1.771515261292208, -1.554469611576332, -1.5654252909893536, -1.6450401570609254, -1.8088018746697245, -1.9083453626416569, -1.3381496460359403, -1.6281725818316501, -1.7354613142875215, -1.7756179352545534, -1.913553209119644, -1.7203403421064032, -1.9732070593489546, -1.7139870825322254, -1.789619534101627, -1.8688404584162126, -1.3514904399477863, -1.9591309479516261, -1.85404075223739, -0.7932738761850647, -1.7662259321802662, -1.4650861184475406]
AVG = -1.696468056007581
