Results for SCHAFFER_F7 with DIFFERENTIAL_EVOLUTION 10D algorithm:
[0.016245885173086918, 0.016245351507566636, 0.017639936480123512, 0.016244900025115458, 0.03458318647426705, 0.008127531091340158, 0.016266545276254363, 0.0048146121517836015, 0.021303459703993444, 0.0074789769080016045, 0.016318098236363862, 0.057375423650790826, 0.016244277475225426, 0.032226375732824074, 0.007014727831130362, 0.019414309036386874, 0.007492346127548814, 0.03178072466324488, 0.032695598457113575, 0.016296444026172197, 0.01625018713436187, 0.031768794234297036, 0.007479741700269582, 0.016243710232155473, 0.03179948787451643, 0.031001516118330717, 0.03178984053594827, 0.018144231568830202, 0.016511518702626272, 0.007480005357500604]
AVG = 0.020142591449572332
Results for GRIEWANK with DIFFERENTIAL_EVOLUTION 10D algorithm:
[0.492651678865184, 0.5849929220445229, 0.15015407370711653, 0.39536303389403016, 0.47756983069057113, 0.4333647033299416, 0.5645857421884191, 0.2801049832037591, 0.1918979763719445, 0.053697876681294, 0.13711312217465488, 0.09560683104986334, 0.2806035083124828, 0.07379196655916609, 0.127816683935011, 0.11514450912647478, 0.18699276104102602, 0.2814679304148464, 0.08680436216469134, 0.22193979144462406, 0.2510718945855921, 0.036866618599472156, 0.2306212263709092, 0.31400200357264774, 0.0695535881265813, 0.44914623708890133, 0.28596128268746035, 0.18610639544543772, 0.015543125769420185, 0.47844605146395536]
AVG = 0.25163275703033333
Results for LEVY with DIFFERENTIAL_EVOLUTION 10D algorithm:
[3.931884029403927e-12, 4.163508657631445e-12, 1.646188153363728e-11, 7.87047692123187e-11, 4.1553217614025827e-10, 5.93306502690163e-10, 4.628272254948758e-11, 1.6136156933509567e-12, 4.0125598413094285e-13, 3.97131639540314e-11, 2.5633964720565216e-11, 0.4543240188461949, 2.1090415092083254e-12, 3.170384185900445e-11, 1.1674399940971984e-10, 1.3782222564393015e-10, 7.773106090637454e-13, 5.954176796723211e-11, 1.2332716276259582e-11, 2.888491791484193e-11, 3.0637211588220353e-09, 1.1273613636218464e-11, 5.173526187550576e-11, 4.5780265326672856e-11, 1.0541505861642895e-10, 1.70049937543213e-09, 1.1335579491028597e-10, 8.801293087311413e-11, 1.678165847020692e-12, 1.1894969660288155e-12]
AVG = 0.015144134188150575
Results for EGGHOLDER with DIFFERENTIAL_EVOLUTION 10D algorithm:
[-1831.2334824681095, -1831.2334824418092, -1606.2377401185186, -1448.0389873669264, -1152.5102569544663, -1223.3739627169161, -1471.497039102202, -861.372084549354, -1082.1500618315988, -1831.233482466758, -1394.7626948749576, -1735.9349793186893, -1475.3150478781813, -1314.8542189721582, -1831.233482462414, -1735.934979318659, -984.4235920287366, -1379.5861402623552, -1448.2062789592558, -1154.5903979127677, -1254.857152174976, -1353.703007851329, -1735.934979302366, -1254.8571511484838, -1314.854225446818, -1017.1254104992997, -751.092165833103, -1449.0012451469597, -1448.206278967023, -1256.741158892584]
AVG = -1387.6698389089258
Results for ROSENBROCK with DIFFERENTIAL_EVOLUTION 10D algorithm:
[0.002309851824232805, 0.024330076222836186, 0.2599071053250245, 0.04781620762551385, 0.5710951206238248, 4.922187495782052e-05, 0.3086091068308996, 0.00139990145456332, 1.5174727965008614, 0.06446894527493546, 0.21110027012992522, 0.06493295971587237, 0.0411853019862983, 0.059341608685697836, 4.330870851050347e-05, 0.10318964467003466, 0.25628955156651345, 0.20562911513887827, 0.05493687144128455, 0.0004512159500491795, 0.19138983503216347, 3.876526533808222, 0.3540847433031955, 3.9879458607930895, 0.019382386033986725, 3.9923466049871346, 0.03373194082029522, 4.113165794906206, 0.7787153884178029, 0.12138926959801213]
AVG = 0.7087745513083609
Results for ZAKHAROV with DIFFERENTIAL_EVOLUTION 10D algorithm:
[9.813698795446705e-08, 1.405226052639023e-07, 2.317263943931405e-07, 2.054790606328367e-08, 7.826538583947141e-07, 1.9465610084461363e-08, 4.222307790396412e-09, 1.1047163231274776e-07, 2.3396117176018797e-08, 5.778487287878897e-07, 4.806243035319745e-07, 3.409757255823079e-07, 4.1889368876965265e-06, 8.830614332905504e-07, 8.889403152460116e-07, 1.0922902426928866e-06, 7.22379421225309e-08, 5.801231328250026e-07, 3.0025321295075985e-06, 1.1557793623417012e-05, 2.9332058349811104e-07, 2.656472827656075e-06, 3.41642300526309e-07, 5.118284705850125e-08, 3.1199619588692087e-06, 3.5834730098641796e-07, 4.936061645941805e-07, 2.591482111206871e-08, 1.9749076883576903e-07, 3.3536766559394757e-07]
AVG = 1.0989938374288007e-06
Results for SALOMON with DIFFERENTIAL_EVOLUTION 10D algorithm:
[0.19987394240770182, 0.19987615756241028, 0.1104011253565994, 0.09998684467248961, 0.1321027339346551, 0.10014723410106732, 0.0998770267555486, 0.19987394584267507, 0.10034541728693545, 0.09987404233586336, 0.10145140861786671, 0.10328977509381808, 0.09987865472562724, 0.10926707863032095, 0.09987354244421186, 0.10093731171336356, 0.10009313747746233, 0.09987350338053216, 0.09987336012502321, 0.1854944299555556, 0.09987353623184758, 0.10717305683959605, 0.11716892150102791, 0.19988039903053373, 0.19987601612630493, 0.09987410209114506, 0.10049577720071429, 0.11025219455633953, 0.10731845054862175, 0.10796288260841096]
AVG = 0.12307553363847566
Results for SCHAFFER_N2 with DIFFERENTIAL_EVOLUTION 10D algorithm:
[1.8526758766579356, 2.0697832342746794, 2.504520177722936, 0.8130191780497853, 0.8645926099266906, 1.593566386128441, 1.2466834453932834, 0.689918238025597, 1.1987148301222548, 0.17115828087373075, 1.134774082578995, 1.0086398884300014, 2.0938591237532127, 1.3659223553755404, 0.6374375549642353, 1.0258260262914327, 1.3257030531153564, 0.867187350042765, 0.6788379701333593, 2.03505879450187, 1.5263498024243238, 1.5086618271075696, 1.3387643120944126, 0.9624175244427327, 0.7807576906949742, 2.1555334694139856, 1.1300434849897787, 0.9046425502153262, 2.6016684957959986, 1.3883354944276758]
AVG = 1.3158351035989628
Results for SCHWEFEL with DIFFERENTIAL_EVOLUTION 10D algorithm:
[3553.4791804844554, 3553.4791804844554, 3553.4791804844554, 3553.4791804844554, 3553.4791804844554, 3553.4791804844554, 3553.4791804844576, 3553.4791804844554, 3553.4791804844554, 3553.4791804844554, 3553.4791804844554, 3553.4791804844554, 3553.4791804844554, 3553.4791804844626, 3553.4791804844554, 3553.4791804844554, 3553.4791804844554, 3553.4791804844554, 3553.4791804844554, 3553.4791804844554, 3553.479180484456, 3553.4791804844554, 3553.4791804844554, 3553.4791804844554, 3553.4791804844554, 3553.4791804844554, 3553.4791804844554, 3553.4791804844554, 3553.4791804844554, 3553.4791804844563]
AVG = 3553.4791804844563
Results for DIXON_PRICE with DIFFERENTIAL_EVOLUTION 10D algorithm:
[0.6666666710139189, 0.6666666687752313, 0.6666666670665933, 0.6666666759030772, 0.6666666681815722, 0.6666666701706743, 0.6666666671565862, 0.6666666676468007, 0.6666666668275234, 0.6666666690750414, 0.666666790132231, 0.6666666744070652, 0.6666666698504538, 0.6666666668318687, 0.6666666671323809, 0.6666666667307719, 0.6666666695146171, 0.6666666719906016, 0.6666666871346423, 0.6666666667070199, 0.6666666686213636, 0.6666666802695029, 0.666666666701649, 0.6666666671895805, 0.6666666667199675, 0.6666666676434805, 0.6666667343624763, 0.6666666673425414, 0.6666666667126793, 0.6666666682185477]
AVG = 0.6666666758676818
