Results for SCHAFFER_F7 with PARALLEL_SOMA_ALL_TO_ALL 10D algorithm:
[16.840402785329506, 14.040461422813403, 16.902193444955696, 7.791808066613271, 25.85117056664466, 17.159402864789854, 12.128054532944779, 14.048493380389242, 16.839870920740793, 5.22002025652321, 11.819933654164762, 9.553467277233596, 6.302569368326358, 4.995459396706514, 6.426822077392229, 14.068966708486187, 10.868113072677739, 9.678892693663995, 9.553418482354715, 38.314855892073446, 3.1369498043830903, 9.554995516115243, 12.773579726771597, 16.84986414035044, 16.844843480722403, 6.570096440694324, 4.033190058321669, 20.684502129016238, 8.098272569347465, 9.556158832801191]
AVG = 12.550227652111586
Results for GRIEWANK with PARALLEL_SOMA_ALL_TO_ALL 10D algorithm:
[0.3405916170310169, 0.38071668322258445, 0.29103473740387265, 0.31736314541160815, 0.4551988223054846, 0.4928521292187118, 0.3161572431865741, 0.30744165892432984, 0.4846647863419077, 0.3328670058282295, 0.2750396984037705, 0.4235437595513093, 0.48046312441549, 0.41457683259150635, 0.48538211015318267, 0.4596149739881741, 0.43582258935703866, 0.3786675451986369, 0.36907119721493675, 0.2162296667925082, 0.2775922386209476, 0.3485287590771692, 0.2175831972328437, 0.5010896088870812, 0.29895288948188614, 0.2883208888498324, 0.23381572052802968, 0.3217757246520826, 0.19775971438630247, 0.3090154265205266]
AVG = 0.35505778315925246
Results for LEVY with PARALLEL_SOMA_ALL_TO_ALL 10D algorithm:
[16.09304721774935, 3.316106928401951, 9.076222105318351, 4.584319222623119, 6.36419278257753, 12.548880362558686, 5.082195843302193, 25.350438700160407, 2.2217435940847703, 31.617232100636134, 7.6136864349746975, 13.797504502466575, 6.517804345102601, 3.9822282934342503, 4.501403277986692, 8.83717584799261, 3.8413821014948373, 2.9890303015370856, 10.507767439953415, 36.27144250585507, 4.316865726615823, 1.8313477601957864, 12.217928106777194, 5.132364581810792, 4.18257480742219, 4.239283266567359, 43.968675743398315, 6.165414357484066, 7.499051712575632, 1.3071879215021995]
AVG = 10.19914992975199
Results for EGGHOLDER with PARALLEL_SOMA_ALL_TO_ALL 10D algorithm:
[-608.7157750228397, -659.8631662640513, -626.9128288154742, -611.9300644948713, -697.6154138946795, -619.2134392554351, -633.4128011687546, -682.0091130028973, -640.3884553943442, -581.0312485806062, -691.6392835546723, -609.8920116476122, -690.4959028937021, -553.73311683296, -672.0941376818183, -784.9310196552049, -680.6465631829083, -639.3359205870645, -637.0553591572444, -668.7744879967343, -675.4407879991422, -664.8461406658566, -564.1373923844513, -716.3117938856294, -624.1606908467321, -590.0494040589408, -579.7312912519525, -649.3436017453556, -724.8945494730958, -663.4611900384829]
AVG = -648.0688983811172
Results for ROSENBROCK with PARALLEL_SOMA_ALL_TO_ALL 10D algorithm:
[266.1112795064194, 8.019632435633953, 20563.853914877796, 2039.6568652408437, 14772.170009773099, 5.302888438070555, 391.1328524557704, 405.37983244893803, 5.585120003782752, 801.827721833373, 1110.1329883941892, 610.409723386715, 4332.608269747742, 950.1383655312695, 1084.854568186725, 171.76253466005278, 11821.687217573297, 38.24398665404469, 62729.2005834224, 15.970361961083242, 93.66245963473465, 1438.957229859639, 129900.30580598993, 131.78639300581236, 415.8049756087689, 0.11142918269787327, 147.74148007878406, 70.90805361709131, 1464.724988633522, 245734.41372358572]
AVG = 16717.415508524267
Results for ZAKHAROV with PARALLEL_SOMA_ALL_TO_ALL 10D algorithm:
[157.23541924414883, 529.775294415762, 302.0339390075586, 443.5025418428759, 1003.2755294424161, 687.7199396726804, 923.4906974465337, 296.01411614852907, 764.0378050483914, 280.08009697712055, 352.3460786602034, 416.7671833419843, 588.9050658521169, 401.8039287367755, 221.38003958595237, 1432.5246995609214, 377.6145598431532, 1005.8996134033505, 423.46828527914727, 176.40919771833504, 216.70229681150929, 527.9589708533147, 539.660275628222, 538.8670965636602, 777.3041267882834, 951.0508676261188, 1163.0281559552802, 895.0682558357894, 673.2499464471441, 238.5118233514956]
AVG = 576.8561949029591
Results for SALOMON with PARALLEL_SOMA_ALL_TO_ALL 10D algorithm:
[0.5998757871624775, 1.4000458520065782, 1.1630035784992983, 0.8540890811236986, 0.7025972560390195, 0.3998983356112947, 0.6008953996393637, 0.5783317383603657, 0.8830461624165137, 0.402404114323022, 1.6028495640416083, 0.7001371611079944, 0.6167967468457165, 0.9009781261030841, 0.39987336174511134, 0.8000103091191929, 0.5099409791981149, 0.6201987412200217, 0.7577620652068934, 0.9006471678041111, 0.7101731684259035, 1.2007772797813265, 0.4140516726814636, 0.7120443646347728, 0.600003390615612, 1.0319600960787256, 0.8105364032380263, 0.5103464490441216, 0.7335274697611246, 0.39989159540790825]
AVG = 0.7505564472414155
Results for SCHAFFER_N2 with PARALLEL_SOMA_ALL_TO_ALL 10D algorithm:
[2.1020845508986272, 1.626675502952751, 2.296874637177122, 1.8039870007107508, 1.4228046891186705, 2.2797865658701806, 2.2034443014462344, 2.1604705886430935, 1.4940205277362009, 2.022802408667705, 1.602042895010224, 1.632597857409499, 1.503065913953524, 1.852204367701154, 2.350522463822012, 2.2238412891675345, 2.5060237334676994, 2.1314828576920943, 1.1699099446000703, 1.7518695809938907, 2.1027858269710014, 1.2924841062998664, 2.0045799381421525, 2.12782383131172, 1.6928375648524883, 1.862144326008572, 1.6357931389631752, 2.410293529280385, 2.262264457970549, 2.3882607472759307]
AVG = 1.9305259714704959
Results for SCHWEFEL with PARALLEL_SOMA_ALL_TO_ALL 10D algorithm:
[3731.1348211900076, 3704.668349103964, 3681.372380313633, 3780.1933993224384, 3801.4702691796356, 3668.1381686894165, 3710.6750971307465, 3684.478679244918, 3727.8095433275967, 3760.0959236865583, 3802.5916452707893, 3633.2274681815275, 3634.635668577784, 3680.1357189753267, 3680.2659002089176, 3707.5760230140636, 3785.3531524304854, 3733.6221008755715, 3666.6885501352263, 3789.5716750067572, 3694.060097844784, 3710.7112389787994, 3817.4951076160946, 3797.8605773116988, 3728.0269984670254, 3802.224260380123, 3686.769411564327, 3793.0094697888, 3823.541913348149, 3774.1472201618094]
AVG = 3733.051694310899
Results for DIXON_PRICE with PARALLEL_SOMA_ALL_TO_ALL 10D algorithm:
[624.1502799499165, 47724.91066873566, 34661.36843008234, 6.628772594637781, 563.5648278586735, 2.4425722075487782e-27, 1916.1372518459855, 0.697933231945939, 40.77688952712813, 1.1325509208277544, 723.3612998550552, 0.9654893975535971, 0.6673744432258073, 0.6666666667230412, 516.1174147115064, 0.6666683686132939, 36.622478524418995, 116.47028933463871, 1384.5285023542424, 0.7893344430492721, 0.9349628339710077, 5.5159511230028695, 5667.873940129125, 0.6769703991624474, 0.6666666666666675, 0.6666666817292419, 93.7916212039998, 0.6667669677571855, 1.9662333291147072, 75554.75628830711]
AVG = 5654.924639682926
