Results for SCHAFFER_F7 with PARALLEL_SOMA_ALL_TO_ALL 30D algorithm:
[20.070676509738426, 32.838283943259746, 28.024394173350068, 23.992850415222577, 32.83828395505861, 25.489559238733893, 20.070683978060075, 23.782170185695655, 38.301718522867176, 23.77933863853746, 23.787676127071233, 28.034221310138072, 23.81037018788447, 23.80026747149461, 20.097494493969066, 16.83985557665681, 23.779339221607653, 28.086448580817866, 23.779338638496622, 23.77962557687871, 20.070676509804812, 28.01698493895896, 24.440739636506517, 19.381806820033475, 38.30154705330196, 41.80843963769106, 32.84361852957059, 23.779338650040817, 28.01698494518846, 20.162223608386974]
AVG = 26.06016523583408
Results for GRIEWANK with PARALLEL_SOMA_ALL_TO_ALL 30D algorithm:
[0.019843663833460368, 4.440892098500626e-15, 0.029459115073496744, 3.3306690738754696e-16, 3.774758283725532e-15, 0.007396040334116338, 1.2989609388114332e-14, 0.03061904139962246, 0.02956202786556128, 0.007396040334116671, 1.5543122344752192e-15, 0.031922818836340405, 4.6629367034256575e-15, 0.009864672061011381, 1.9984014443252818e-15, 0.017226293859724406, 4.440892098500626e-15, 3.219646771412954e-15, 0.007396040334115339, 0.007396040334116893, 0.009857284607828087, 1.4432899320127035e-15, 1.177946629127291e-13, 6.250555628639631e-14, 0.012330226990838633, 4.773959005888173e-15, 4.9404924595819466e-14, 0.009857284607841632, 0.017226293860636344, 5.10702591327572e-15]
AVG = 0.008245096144436848
Results for LEVY with PARALLEL_SOMA_ALL_TO_ALL 30D algorithm:
[68.57032479375917, 74.77019253528051, 81.79329221513618, 39.845400952137986, 36.4104036822274, 68.43993996391194, 117.55108733114504, 33.35961866634591, 122.57340913722265, 44.3953124055934, 83.56236614607793, 83.21489140355142, 58.38726945108269, 74.26538313199937, 61.922934651732376, 42.534828478300646, 55.594879865432006, 42.24276285708064, 83.8488444814269, 51.576167057452096, 37.494692546404416, 92.30881519490018, 68.36222255248911, 48.61877123146942, 85.79550307031154, 53.42584099469966, 60.06905100195129, 56.96336698936135, 31.81839035878369, 49.92501758229878]
AVG = 63.654699357652184
Results for EGGHOLDER with PARALLEL_SOMA_ALL_TO_ALL 30D algorithm:
[-1544.554568168447, -1551.3843026393426, -1665.3775490588102, -1607.943089423463, -1672.2292155479524, -1581.1516809893872, -1713.4339299589144, -1644.518696922357, -1546.0703574635359, -1673.0963396321108, -1639.925149557692, -1720.771313367113, -1679.740545581152, -1635.9248761441395, -1664.4436512391158, -1611.6192282319794, -1523.5430311784266, -1637.7965621380067, -1612.3054519952973, -1634.3760260537963, -1568.2307505600095, -1584.844760377992, -1669.0662399000835, -1584.7858019456248, -1673.9123846092027, -1591.9040470329664, -1624.5846700415518, -1515.6231253779147, -1592.8615305284413, -1561.8291126077659]
AVG = -1617.5949329424195
Results for ROSENBROCK with PARALLEL_SOMA_ALL_TO_ALL 30D algorithm:
[4.25252532775473, 26.13838392862017, 0.6218121817607274, 93.94834200546579, 14.091133670748723, 18.323171754100628, 68.49320719373227, 156.21169850685638, 15.813902519856093, 68.77148361675499, 188.160740957332, 89.82181746013796, 14.920054288939776, 6.698258604351702, 4.084244236860519, 76.35285075209158, 0.8143199879989838, 3.801401510425926, 81.53674204172012, 75.91207540448177, 9.322762793193133, 14.312330721362889, 13.682873561534134, 12.269937821936141, 4.042967618873349, 0.600763720434889, 6.3995950178661865, 20.14383588773577, 4.069286535743053, 71.17071735357534]
AVG = 38.82610789940819
Results for ZAKHAROV with PARALLEL_SOMA_ALL_TO_ALL 30D algorithm:
[4563.2911662233655, 1642.8437429944681, 1256.5443911215723, 2574.70229984835, 2226.748107349981, 1753.4627031034397, 2007.676229925918, 2345.1518707235814, 2403.331987443071, 4200.507883305663, 2155.064590801444, 3042.3947195911155, 2480.7286007115667, 2495.3219584985995, 3404.9458356285577, 2118.9161313847194, 1917.6661862412507, 1704.2272928682778, 4823.485839020164, 2871.4637880303335, 2169.0994997598946, 2999.715847486833, 2222.9533305953064, 2158.8551027113385, 2572.479064244346, 2060.988562441698, 1323.6313412914415, 3951.754322165893, 2320.578211320853, 2553.825493013369]
AVG = 2544.0785366615473
Results for SALOMON with PARALLEL_SOMA_ALL_TO_ALL 30D algorithm:
[1.7998765032601058, 1.3832325697740793, 1.2998760504695674, 1.9000983755291065, 1.4998768861874563, 1.8001759657242644, 1.1045486670854487, 1.700059192768822, 1.9141473436612055, 2.300025281387161, 1.6998734681969359, 1.6002848868612478, 1.299874110325188, 1.1092424580717328, 1.6999350658866237, 1.5257390680695315, 1.4999930520068125, 1.7067427603782983, 1.1998733478208905, 1.2998733460564336, 2.360065997590892, 1.4963748075100267, 1.3998735087641054, 1.4998733472971164, 1.6001221844953781, 1.8998733526433598, 1.2964193343693617, 1.7998776989482816, 1.0998873318288465, 1.2004756624004895]
AVG = 1.5665397208456255
Results for SCHAFFER_N2 with PARALLEL_SOMA_ALL_TO_ALL 30D algorithm:
[9.487512898262256, 9.591073354437935, 9.275476466021885, 8.132010166849733, 9.29935412445014, 8.323987461870255, 8.94456997145582, 9.409620840886676, 7.980801386956978, 9.546595584520121, 9.204899516508076, 9.39931177688318, 8.877515494924575, 8.737117977052916, 8.954564974260837, 9.030181511394593, 9.57577678579299, 9.196541194707688, 9.831982130920462, 9.055858292660936, 8.947605109771658, 9.566820654442786, 8.96990610729517, 9.217729840448543, 9.837553504761356, 9.29773953902448, 9.381710966859819, 9.292517376104461, 9.066193189921668, 9.87261101100258]
AVG = 9.176837973681687
Results for SCHWEFEL with PARALLEL_SOMA_ALL_TO_ALL 30D algorithm:
[11479.674310156472, 11451.84631337515, 11645.421920880692, 11196.034964936032, 11440.873501080918, 11464.562601630949, 11636.028767583633, 11555.773466005317, 11524.592451405826, 11521.091276958721, 11564.025227660484, 11379.319938181365, 11581.756071712101, 11580.946197510333, 11519.95002964929, 11358.470280256433, 11456.446192597386, 11621.905960084547, 11359.61526597698, 11368.692118781579, 11574.690885794615, 11086.797076471163, 11484.090044559609, 11116.374887711661, 11168.908959462124, 11699.988813569807, 11563.969020914472, 11657.658535609902, 11557.047677708975, 11215.112719165525]
AVG = 11461.055515913069
Results for DIXON_PRICE with PARALLEL_SOMA_ALL_TO_ALL 30D algorithm:
[0.6666666666666681, 0.6666666666666679, 0.666666666666669, 0.666666666666669, 0.6666666666666795, 3.526835758759578, 0.6666666666666726, 0.666666666666679, 0.6666666666667111, 0.6666666666666696, 0.6666666666666743, 0.6666666666666718, 0.6666666666666677, 0.6666666666666685, 0.6666666666666685, 0.6666666666666674, 0.6666666666666752, 0.6666666666666696, 0.6666666666666675, 0.6666666666666689, 0.6666666666666675, 0.6666666666666722, 0.6666666666670196, 0.6666666666666673, 0.6666666666666788, 0.6666666666666707, 0.6666666666666772, 0.6666666666666706, 0.6666666666666702, 0.6666666666666714]
AVG = 0.7620056364031144
