Results for SCHAFFER_F7 with PARALLEL_SOMA_ALL_TO_ONE 2D algorithm:
[0.15688267822614765, 5.040151626654102, 0.007478956784343824, 0.24259688100097418, 2.420493166581957, 0.0011412490406766057, 0.007478956784343817, 0.05736976255073196, 1.0242869876548777, 1.387361802246192, 0.057369762550731944, 0.0009617273102603525, 0.03277023784786907, 0.15688266894413916, 0.0029810947502983717, 0.0074789567843438175, 0.524965435994157, 0.00022002347650811478, 0.5249654359941569, 0.0029810947502983717, 0.0009617266967989609, 0.002981102024895468, 1.3873618022461933, 5.040151626654103, 1.3873618022461924, 0.06164543723267837, 0.002981094750298372, 0.15688266894413921, 28.625947578499247, 0.7415305470001949]
AVG = 1.6354874630740615
Results for GRIEWANK with PARALLEL_SOMA_ALL_TO_ONE 2D algorithm:
[0.1257721042158031, 0.0714616147590964, 0.0665643622606692, 0.0, 0.05832794657657969, 0.17576575702645336, 0.07472963380051856, 0.007396040334115117, 0.01971948924818523, 0.1416004306637868, 0.027125384395415675, 0.11305500239920108, 0.0, 0.1984257601110575, 0.03945868819541698, 0.027125384395415564, 0.2961721796319099, 0.11833664285783951, 0.009864672061006274, 0.007396040334115117, 0.022110535081074967, 0.012130891875533734, 0.03891415718142499, 0.009864672061006274, 0.14593919582102743, 0.08921453744516206, 0.10602304950900354, 0.027125384395415675, 0.03224437391533008, 0.07143685260791222]
AVG = 0.07111002610531587
Results for LEVY with PARALLEL_SOMA_ALL_TO_ONE 2D algorithm:
[9.208351882000349e-29, 6.430140440293181e-32, 1.4997597826618576e-32, 9.847284864363324e-31, 1.4997597826618576e-32, 1.4997597826618576e-32, 1.4997597826618576e-32, 2.400079408180247, 1.4997597826618576e-32, 2.400079408180246, 4.587318570134377e-31, 1.4997597826618576e-32, 1.4997597826618576e-32, 1.4198104299393367e-30, 6.030978300934514, 1.4198104299393367e-30, 3.86691819536562e-29, 1.4997597826618576e-32, 1.4997597826618576e-32, 1.4997597826618576e-32, 1.1604532106739116, 1.4997597826618576e-32, 1.4198104299393367e-30, 5.050209553197138e-29, 1.4997597826618576e-32, 1.8635446891261557e-30, 4.3291200043675215e-31, 1.4997597826618576e-32, 1.4997597826618576e-32, 1.4997597826618576e-32]
AVG = 0.39971967759896393
Results for EGGHOLDER with PARALLEL_SOMA_ALL_TO_ONE 2D algorithm:
[-145.35487793927211, -126.42383220972167, -126.42383220972168, -149.0586066482242, -227.12310592055002, -126.42383220972165, -126.42383220972167, -111.78879672928774, -126.42383220972168, -227.12310592055005, -126.42383220972161, -111.78879672928771, -111.78879672928761, -111.78879672928772, -126.42383220972167, -126.42383220972168, -126.42383220972167, -123.90763980656683, -227.12310592054988, -111.78879672928772, -126.42383220972165, -126.42383220972165, -123.79416260700896, -126.42383220972165, -123.90763980656675, -111.78879672928772, -126.42383220972167, -126.42383220972165, -227.12310592054325, -227.1231059205429]
AVG = -141.4101629240735
Results for ROSENBROCK with PARALLEL_SOMA_ALL_TO_ONE 2D algorithm:
[4.930380657631324e-32, 12.526561956371175, 53.04204751010791, 2.8398992587956425e-29, 7.888609052210118e-31, 0.0, 0.0, 4.930380657631324e-32, 4.466530755552027, 0.0, 0.0, 1.9721522630525295e-31, 7.471310671902513, 4.930380657631324e-32, 1.9721522630525295e-31, 0.0, 36.17697129665634, 0.0, 1.9594650377657633e-25, 0.33249941452846693, 0.0, 1.8571279679422745e-19, 4.930380657631324e-32, 0.0, 4.930380657631324e-32, 0.0, 0.0, 1.1093356479670479e-31, 0.0, 7004.8047651341985]
AVG = 237.2940228913106
Results for ZAKHAROV with PARALLEL_SOMA_ALL_TO_ONE 2D algorithm:
[0.0, 0.0, 1.5e-323, 0.0, 0.0, 0.0, 0.0, 0.0, 0.0, 0.0, 5.4e-323, 1e-323, 0.0, 0.0, 0.0, 0.0, 5e-324, 0.0, 0.0, 0.0, 0.0, 0.0, 1.5e-323, 0.0, 0.0, 0.0, 0.0, 0.0, 0.0, 1.5e-323]
AVG = 5e-324
Results for SALOMON with PARALLEL_SOMA_ALL_TO_ONE 2D algorithm:
[0.09987334584681097, 0.09987334584681098, 0.09987334584681098, 0.299873345846811, 0.09987334584681098, 0.2998733458468111, 0.09987334584681097, 0.09987334584681098, 1.102571678033125e-138, 0.49368248615075927, 0.10031158769893783, 0.19987334584681102, 1.1633985032073585e-152, 0.1667932987693274, 0.0, 0.199873345846811, 0.29987334584681097, 0.29987334584681097, 0.09987334584681101, 0.4037418344050804, 0.799873345846811, 0.29987334584681097, 0.10992121052810731, 0.107453100131287, 0.399873345846811, 0.22268348591111267, 0.19987334584681105, 0.20318829805473254, 0.4039404977089914, 0.199873345846811]
AVG = 0.21364786748669784
Results for SCHAFFER_N2 with PARALLEL_SOMA_ALL_TO_ONE 2D algorithm:
[0.0635952401709412, 0.026793341256092784, 0.08559170885347933, 0.04131041605268626, 0.02722713110258551, 0.012333169677994249, 0.030361628356418313, 0.0063062339235667175, 0.0041688331818901525, 0.024360000972066753, 0.020996228910005466, 0.0, 0.022680986125033997, 2.220446049250313e-16, 0.040563201601974685, 0.08032729996010918, 2.220446049250313e-16, 0.022678874752836697, 0.08596920084920656, 0.14558189611429545, 0.020880786114355343, 0.04842656628358866, 0.03125588066692203, 0.01625176344073581, 0.0031266031338655353, 0.04778312960899622, 0.022498050221193, 0.02131662457606265, 0.0020624189372417945, 0.04765631797444164]
AVG = 0.03340345109395289
Results for SCHWEFEL with PARALLEL_SOMA_ALL_TO_ONE 2D algorithm:
[710.6958360968915, 710.6958360968911, 710.6958360968911, 710.6958360968911, 710.6958360968912, 710.6958360968924, 750.2478578253772, 710.6958360968911, 710.6958360968911, 750.2478578253774, 713.8497227437789, 710.6958360968915, 779.7653070535312, 715.2122533859681, 710.6958360968911, 710.6958360968915, 710.6958360968913, 750.7052581109689, 710.6958360968911, 722.4949867468528, 732.3266889663355, 710.6958360968911, 710.6958360968911, 719.9287069595085, 710.6958360968913, 722.0952205921274, 759.4807286879948, 710.6958360968912, 710.6958360968911, 750.2478578253772]
AVG = 721.9709165489081
Results for DIXON_PRICE with PARALLEL_SOMA_ALL_TO_ONE 2D algorithm:
[3.697785493223493e-32, 3.697785493223493e-32, 1.4791141972893971e-31, 3.697785493223493e-32, 1.8181991548657284e-25, 3.697785493223493e-32, 4.930380657631324e-32, 3.697785493223493e-32, 3.697785493223493e-32, 3.697785493223493e-32, 3.697785493223493e-32, 3.697785493223493e-32, 4.930380657631324e-32, 3.697785493223493e-32, 4.930380657631324e-32, 3.697785493223493e-32, 3.697785493223493e-32, 4.930380657631324e-32, 3.697785493223493e-32, 3.697785493223493e-32, 3.697785493223493e-32, 3.697785493223493e-32, 3.697785493223493e-32, 3.697785493223493e-32, 1.9721522630525295e-31, 3.697785493223493e-32, 3.697785493223493e-32, 3.697785493223493e-32, 1.1832913578315177e-30, 1.064962222048366e-29]
AVG = 6.061102242565902e-27
