Results for SCHAFFER_F7 with PARALLEL_SOMA_ALL_TO_ONE 10D algorithm:
[67.87454891700666, 20.07067651024808, 38.30154704112229, 44.46884599422784, 20.070676509593266, 77.55802914461609, 44.46884599374035, 51.406130441868164, 51.406130441815705, 28.544937993131406, 32.83828394303964, 28.01698493943231, 38.30154704112224, 38.30154704112229, 51.40613044181571, 14.03913986052926, 32.8382839432056, 88.31642252754294, 59.183345420860554, 44.46884599347597, 32.83828394303964, 51.406130441815705, 51.406130441815705, 20.07067650959327, 44.468845993475966, 51.40613044181571, 59.18334542086055, 88.31642252721868, 67.87454886989278, 67.87454886989278]
AVG = 46.89086545329791
Results for GRIEWANK with PARALLEL_SOMA_ALL_TO_ONE 10D algorithm:
[0.3201024942677405, 0.5122568159454871, 0.47475386433550715, 0.2363609208311076, 0.49267535203990165, 0.6587179269860933, 0.3666600437577914, 0.3765079101775539, 0.40616048143732963, 0.8607142830538734, 0.42619366129289593, 0.25923038674306664, 0.5315137866074447, 0.2167006928389359, 0.9147067122178298, 0.5067646465895145, 0.6542308652920313, 0.721364522840702, 1.1745380357950905, 0.16003022234611597, 0.4471474531311489, 0.7549274081466077, 0.3687085912498361, 0.627279421233417, 0.7260679207300943, 0.4825720147266569, 0.28552682492029013, 0.24573025888412192, 0.1500454421011368, 0.1549925457932141]
AVG = 0.4837727168770844
Results for LEVY with PARALLEL_SOMA_ALL_TO_ONE 10D algorithm:
[299.3557940446984, 708.8100432465351, 98.94789875549996, 325.5667516335336, 124.7941200288648, 311.1730751399815, 53.757860382981434, 385.9755880779956, 92.98549882937475, 99.9429277201027, 125.76503748309628, 306.304977815815, 606.9928246689835, 435.92744452175816, 78.2090785003252, 39.68879905903794, 331.79032401368465, 420.85144833860375, 314.2972217183863, 92.05160507252414, 129.39044939348727, 143.2666859383469, 203.8542060283632, 13.351615451727936, 418.47857050393566, 508.1577627900804, 244.11614942554723, 40.40463964682105, 63.40968299537455, 169.3126708416396]
AVG = 239.5643584022369
Results for EGGHOLDER with PARALLEL_SOMA_ALL_TO_ONE 10D algorithm:
[-707.3215704324588, -723.5113332778985, -690.0866950736075, -771.249768310106, -891.190701979873, -937.2406274436918, -647.4604192764009, -766.3320159735853, -874.5578922393975, -703.5702568016917, -656.4751108432093, -1159.6468818964895, -701.224763219211, -798.4157305523081, -802.7463261001374, -652.0180244912463, -875.3890354598724, -643.7263865407127, -676.971510095894, -677.6024817550635, -675.4373191776818, -665.860622995378, -626.9252139421501, -679.0701627868416, -968.8880599713804, -941.8721339210634, -667.5660434119454, -658.1680209018979, -767.7475824293053, -681.0240930960306]
AVG = -756.3098928132179
Results for ROSENBROCK with PARALLEL_SOMA_ALL_TO_ONE 10D algorithm:
[2.13140602348435e-26, 8.48546072006227e-25, 1.7246964578460134e-26, 8.735549841578027e-27, 1.094588867094121e-24, 5.452867887062488e-26, 8.446617110481574e-24, 5.556507939752359e-25, 1.2697172329743016e-26, 1.280683930131919e-21, 5.8109959468908545e-27, 1.3000159471958657e-18, 2.642573098925593e-26, 4.762133870554032e-24, 1.6265769523784924e-26, 1.2841737500119621e-24, 1.3321211102617478e-24, 5.8248626424904426e-27, 8.029642590921662e-27, 1.6568494896163487e-26, 6.0365608619774876e-27, 3.986579112347497, 3.98657911234752, 3.986579112347385, 8.488979039699556e-26, 3.986579112347415, 3.986579112347411, 6.719024152606815e-27, 4.893772581248411e-28, 3.986579112347196]
AVG = 0.7973158224694807
Results for ZAKHAROV with PARALLEL_SOMA_ALL_TO_ONE 10D algorithm:
[4.1009533253329e-98, 2.1263257877165594e-94, 4.7657970727581655e-95, 3.2768142084624027e-96, 2.3744923665897392e-102, 1.6536453214642097e-98, 5.1213698552460866e-108, 8.708559939217524e-102, 3.0936243671997827e-93, 7.653809734670947e-105, 4.0927009180079857e-101, 5.2521016384689806e-105, 3.1459887973917126e-106, 1.6562863644515026e-104, 1.4815251363035631e-109, 3.2132873487296047e-99, 3.674959455254111e-103, 1.3384059620128599e-92, 5.051418969440516e-102, 1.9770365031393233e-100, 1.6921812205882103e-108, 2.6548657644822526e-102, 4.469194087054334e-93, 3.365603743689285e-100, 2.7135312357146274e-98, 1.774103119974759e-105, 2.0317864475368466e-102, 5.8789143335348574e-95, 1.5893287856743517e-109, 5.757881363533242e-96]
AVG = 7.091693651262231e-94
Results for SALOMON with PARALLEL_SOMA_ALL_TO_ONE 10D algorithm:
[1.3998733458468116, 4.6998733458468225, 2.09987334584704, 2.599873345881725, 2.299873345846811, 2.799873345846811, 2.9998733464074046, 3.899873345846811, 5.299873345846811, 1.0998733458468108, 3.199873345846811, 4.820040891203484, 4.09987334584681, 2.399873345846811, 4.299873346759158, 1.799873345846811, 4.39987334584681, 3.099873345846811, 3.799873345846811, 2.799873345846811, 3.399873345846811, 1.6998733458468345, 4.299873345846811, 2.599873345846811, 2.9998733458468108, 3.699873345846811, 2.799873345846811, 4.799873345846811, 3.399873345846811, 1.999873345846811]
AVG = 3.187212264075637
Results for SCHAFFER_N2 with PARALLEL_SOMA_ALL_TO_ONE 10D algorithm:
[2.4677699502149797, 1.9975835425579047, 2.553309025880796, 2.7663893417704397, 2.8971930106622494, 2.4758522059958192, 2.4663461563352564, 2.2198518871741904, 2.0442003152418464, 2.9231856878671993, 2.6823249424794415, 2.5767727759401056, 2.5740099186331955, 2.6569421112055083, 2.719695583016379, 2.430379684853688, 2.698479027391489, 1.8649582854560809, 2.1516829591058406, 2.824911000155566, 2.536245262817079, 1.9878943099184514, 2.6339074033163374, 2.3588818920892667, 2.0754811686923604, 2.692495366053422, 1.893574908152004, 2.7833457903484375, 2.006502094247755, 2.4579687271153885]
AVG = 2.447271144489616
Results for SCHWEFEL with PARALLEL_SOMA_ALL_TO_ONE 10D algorithm:
[3602.2640730755747, 3640.8674733988896, 3672.135245669928, 3571.94492221088, 3562.7120513470854, 3691.755156452223, 3660.281836529284, 3611.4969439381853, 3602.2645567364943, 3661.0230328455386, 3711.68726739847, 3620.730078912208, 3678.9647717669095, 3671.158034276424, 3611.496944405912, 3602.2640730756902, 3632.583223976938, 3631.6346028169687, 3637.9100518814244, 3730.1563476081824, 3616.6079444015054, 3672.1352457089242, 3690.6009873951643, 3571.9449238825855, 3651.04896569503, 3571.9449222097, 3611.4969439400934, 3711.6872673984017, 3681.3681165325347, 3677.3396299368637]
AVG = 3642.050187847467
Results for DIXON_PRICE with PARALLEL_SOMA_ALL_TO_ONE 10D algorithm:
[0.6666666666666676, 0.6666666666665159, 0.666666666264226, 0.666666666666668, 0.6666666666666671, 0.6666666666666672, 0.6666666666666672, 1.4298103907130839e-30, 2.443003615856321e-29, 4.646883769817523e-30, 0.6666666666666692, 0.6666666569266222, 5.9904124990220584e-30, 0.6666666666666673, 0.6666666666666673, 0.6666666666666667, 6.384842951632564e-30, 2.710106987983498e-28, 0.6666666666667165, 7.765349535769335e-31, 0.6666666654817738, 0.6666666666666665, 4.585254011597131e-30, 4.4866463984445046e-30, 0.6666666666667467, 0.6666666666666676, 0.6666666666666687, 1.41501924874019e-28, 0.6666666666666679, 0.6666666666666681]
AVG = 0.44444444406686484
