Results for IDENTITY with PARALLEL_SOMA_ALL_TO_ONE 2D algorithm:
[0.0, 0.0, 0.0, 0.0, 0.0, 0.0, 0.0, 0.0, 0.0, 0.0, 2.2227587494850775e-162, 0.0, 0.0, 2.2227587494850775e-162, 0.0, 0.0, 0.0, 0.0, 0.0, 0.0, 0.0, 0.0, 5.444624757545261e-162, 0.0, 0.0, 0.0, 0.0, 0.0, 2.2227587494850775e-162, 0.0]
AVG = 4.037633668666831e-163
Results for LINEAR with PARALLEL_SOMA_ALL_TO_ONE 2D algorithm:
[0.0, 0.0, 0.0, 0.0, 0.0, 0.0, 0.0, 0.0, 0.0, 0.0, 0.0, 0.0, 0.0, 1.5399724348305664e-161, 0.0, 0.0, 0.0, 0.0, 4.445517498970155e-162, 0.0, 0.0, 0.0, 0.0, 0.0, 0.0, 0.0, 0.0, 0.0, 0.0, 4.445517498970155e-162]
AVG = 8.096919782081991e-163
Results for PARABOLA with PARALLEL_SOMA_ALL_TO_ONE 2D algorithm:
[0.0, 5e-324, 0.0, 1e-323, 0.0, 0.0, 0.0, 0.0, 0.0, 0.0, 0.0, 9e-323, 0.0, 0.0, 0.0, 0.0, 0.0, 0.0, 0.0, 5e-324, 0.0, 0.0, 0.0, 0.0, 0.0, 0.0, 5e-324, 0.0, 0.0, 0.0]
AVG = 5e-324
Results for SINUS with PARALLEL_SOMA_ALL_TO_ONE 2D algorithm:
[-1.0, -0.9955041039943818, -0.9999992810462899, -0.99852653314237, -0.9964777412630245, -0.9999989543237393, -0.9985668806123298, -0.9998589391457265, -0.9999652259453612, -0.9999176219434024, -0.9993833030117771, -0.9996960463920412, -0.9981738021349108, -0.9999919751594227, -1.0, -0.999723653916622, -0.9999980969482931, -0.9999361810862024, -0.9999974452949, -1.0, -0.9991317542501931, -0.9995078413680327, -1.0, -1.0, -0.999988108330168, -1.0, -0.9950741183064457, -0.9995808033863656, -0.9999733760881646, -0.997852451575788]
AVG = -0.9992274746221984
Results for COSINUS with PARALLEL_SOMA_ALL_TO_ONE 2D algorithm:
[-1.0, -0.9999985891084704, -0.9999062837986946, -0.9998229998971245, -0.9999999235839326, -0.9998578075717239, -0.9985391390432116, -0.9991033093572912, -0.9999372081155643, -0.999999750510795, -0.9999399034420735, -1.0, -0.9998358512071477, -0.9980596151938312, -0.999693210707999, -0.9998595864135111, -0.9998896958248314, -0.9999377307108646, -0.9999461594708373, -0.999999690613035, -1.0, -0.9999426919717198, -0.9997414263761232, -0.9997280036165132, -0.9999812038687059, -0.9999534083011318, -0.9999081659514961, -0.9988367280056525, -0.9894265450056468, -0.9999647890403629]
AVG = -0.9993936472236097
Results for EXPONENTIAL_GROWTH with PARALLEL_SOMA_ALL_TO_ONE 2D algorithm:
[1.0, 1.0, 1.0000000000000004, 1.0000000000000002, 1.0, 1.0, 1.0, 1.0000000000000042, 1.0, 1.0, 1.0, 1.0, 1.0, 1.0, 1.0, 1.0000000000000002, 1.0000000000000016, 1.0, 1.0000000000000002, 1.0, 1.0, 1.0000000000000002, 1.0, 1.0, 1.0000000000000004, 1.0000000000000002, 1.0, 1.0000000000000002, 1.0000000000000002, 1.0]
AVG = 1.0000000000000002
Results for EXPONENTIAL_DECAY with PARALLEL_SOMA_ALL_TO_ONE 2D algorithm:
[2.6787349564064274e-43, 2.6787349564069025e-43, 2.6787349564062163e-43, 2.6787349564062163e-43, 2.6787349564062163e-43, 2.6787349564062163e-43, 2.6787349564062163e-43, 2.678734956406322e-43, 2.678734956406533e-43, 2.6787349564061637e-43, 2.6787349564062693e-43, 2.6787349564066914e-43, 2.6787349564062163e-43, 2.6787349564062163e-43, 2.6787349564061637e-43, 2.6787349564062163e-43, 2.6787349564064274e-43, 2.678734956406744e-43, 2.6787349564061637e-43, 2.6787349564062163e-43, 2.678734956406322e-43, 2.6787349564061637e-43, 2.6787349564076413e-43, 2.6787349564064804e-43, 2.678734956406586e-43, 2.6787349564064804e-43, 2.6787349564061637e-43, 2.6787349564062163e-43, 2.678734956406322e-43, 2.6787349564068496e-43]
AVG = 2.6787349564063987e-43
Results for SIGMOID with PARALLEL_SOMA_ALL_TO_ONE 2D algorithm:
[0.9999543047537778, 0.5000000000000006, 0.5000000000000671, 0.5000000000003362, 0.5000000000000004, 0.5000000000000034, 0.5000000000000006, 0.5, 0.5000000000000013, 0.5000000000000001, 0.5000000000000001, 0.5000000000000001, 0.6955722184272396, 0.5000000000000138, 0.9999999999999998, 0.5000000000001761, 0.5000000000000002, 0.5, 0.5000000000000002, 0.5000000000000006, 0.9999999978851439, 0.5000000000000003, 0.5000000000000001, 0.5000000000000092, 0.5000000000000001, 0.5000000000000028, 0.9999788243222927, 0.5000000000104899, 0.9999999999997495, 0.9999848568246237]
AVG = 0.606516340074131
Results for TRIANGLE with PARALLEL_SOMA_ALL_TO_ONE 2D algorithm:
[-0.9343379238517571, -0.9991170733671169, -0.994028659208027, -0.9940014561473163, -0.9900836337804293, -0.9874439839918097, -0.985214392494953, -0.9984604552194725, -0.994788886006873, -0.989421592200117, -0.9921981101676351, -0.9933166285432016, -0.9999999999999787, -0.9785879683354963, -0.990948617992327, -0.9952099524893327, -0.9986644048171485, -0.999299469703999, -0.9951770844198151, -0.9847498970641198, -0.9950464357332187, -0.9675128748096746, -0.9617351244549397, -0.981276604981062, -0.9986850766157431, -1.0, -0.9910227966237528, -0.9999999999999574, -0.9957708533797387, -0.9910781340857184]
AVG = -0.9892392696828244
Results for QUADRATIC_SINE with PARALLEL_SOMA_ALL_TO_ONE 2D algorithm:
[-1.2984860556885243, -1.298328681871487, -1.299033772962015, -1.2987928479194673, -1.2957607477055297, -1.2990344566952192, -1.2988644998961776, -1.2988740689440208, -1.2956215901847898, -1.298594291019345, -1.2982657213896893, -1.2903544175184432, -1.2990381056766562, -1.2990336342404887, -1.2870003589811074, -1.2990359453529001, -1.2987249312182239, -1.2982903367473864, -1.2962596727618227, -1.2990297973362641, -1.2989309289183404, -1.2989665502180796, -1.2916256249811675, -1.299038105676658, -1.2990319676807944, -1.2948591005610932, -1.299038105676658, -1.297782027676569, -1.2938287683620406, -1.299038105676658]
AVG = -1.297285440651254
Results for GAUSSIAN_BELL with PARALLEL_SOMA_ALL_TO_ONE 2D algorithm:
[0.0, 0.0, 0.0, 0.0, 0.0, 0.0, 0.0, 0.0, 0.0, 0.0, 0.0, 0.0, 0.0, 0.0, 0.0, 0.0, 0.0, 0.0, 0.0, 0.0, 0.0, 0.0, 0.0, 0.0, 0.0, 0.0, 0.0, 0.0, 0.0, 0.0]
AVG = 0.0
Results for SAWTOOTH with PARALLEL_SOMA_ALL_TO_ONE 2D algorithm:
[-0.9787846482664122, -0.9757457362567408, -0.9916437193352863, -0.9809586455250212, -0.9988701835139295, -0.9676924648330782, -0.9910258378456405, -0.995528471410438, -0.9977139108262918, -0.9937655100340237, -0.9996174505818942, -0.9898947078623053, -0.9998363621135411, -0.9999999999999716, -0.993041978334702, -0.9832071837365675, -0.97241129650142, -0.9850638326139034, -0.9954441278028412, -0.9589071639986742, -0.9971238193691505, -0.9840495861736258, -0.9789391146827313, -0.9864638020940504, -0.998424706495399, -0.995801338522611, -0.9590113715756203, -0.988847579232683, -0.9930602876492571, -0.9681707904320263]
AVG = -0.9866348542539946
Results for TANH with PARALLEL_SOMA_ALL_TO_ONE 2D algorithm:
[1.0, 4.366818714444129e-149, 3.7549982115795134e-80, 8.407216368038036e-71, 3.8513986471807232e-81, 1.0, 0.9999999919189171, 5.643393606371177e-100, 1.0, 1.0, 0.9999358492971296, 0.9999903780035044, 0.9999999999999541, 0.9999999999999996, 0.9999998701306527, 1.0, 0.9999999999999977, 1.0, 1.6344997398573225e-66, 2.5218415286135693e-146, 1.0, 5.156572832209917e-85, 0.9999999999999327, 0.9999971019556273, 1.0, 0.9999999974056303, 0.9999999777830229, 0.999999998276379, 1.0, 7.22486018684398e-71]
AVG = 0.6999974388256918
Results for LOGISTIC_SIGMOID with PARALLEL_SOMA_ALL_TO_ONE 2D algorithm:
[0.5000000000000001, 0.5000000000000006, 0.9963247042986019, 1.0, 0.9999999989507573, 0.500000000000027, 1.0, 0.9999999999420712, 0.5000000000000523, 0.500000000000001, 0.9999999999999989, 0.5, 0.5000000000000058, 0.5000000000019413, 0.9999999999999694, 0.9999999995268052, 0.5, 0.5000000000000013, 0.5000000000000427, 0.5000000000000002, 0.5000000000000002, 0.9999999999997631, 0.5000000000000002, 0.9999999999986782, 0.5000000000000009, 0.5000000000000001, 0.5000000000000001, 0.5000000000000001, 0.5000000000000019, 0.5000000000000001]
AVG = 0.6665441567572906
Results for QUADRATIC_GROWTH with PARALLEL_SOMA_ALL_TO_ONE 2D algorithm:
[1.0000000000000002, 1.0, 1.0, 1.0000000000000004, 1.0, 1.0, 1.0, 1.0, 1.0, 1.0, 1.0, 1.0, 1.0, 1.0, 1.0000000000000007, 1.0, 1.0000000000000002, 1.0, 1.0, 1.0, 1.0, 1.0, 1.0, 1.0, 1.0, 1.0, 1.0, 1.0, 1.0, 1.0]
AVG = 1.0
Results for QUADRATIC_DECAY with PARALLEL_SOMA_ALL_TO_ONE 2D algorithm:
[-19998.999999999993, -19998.999999999985, -19998.99999999997, -19999.0, -19998.999999999978, -19998.999999999993, -19999.0, -19998.999999999993, -19999.0, -19998.999999999993, -19998.999999999833, -19998.999999999993, -19998.999999999993, -19998.999999999527, -19998.99999999948, -19998.99999999997, -19999.0, -19998.999999999993, -19999.0, -19999.0, -19998.999999999938, -19998.999999999985, -19998.999999999985, -19998.999999999985, -19998.999999999985, -19998.999999999887, -19999.0, -19998.99999932303, -19998.999999999985, -19998.999999999945]
AVG = -19998.999999977383
Results for SQUARE_ROOT with PARALLEL_SOMA_ALL_TO_ONE 2D algorithm:
[1.4908919308538355e-81, 0.0, 0.0, 0.0, 0.0, 1.4908919308538355e-81, 0.0, 0.0, 0.0, 0.0, 0.0, 0.0, 0.0, 0.0, 0.0, 0.0, 0.0, 0.0, 1.4908919308538355e-81, 0.0, 0.0, 0.0, 0.0, 0.0, 0.0, 0.0, 0.0, 0.0, 0.0, 0.0]
AVG = 1.4908919308538357e-82
Results for CUBIC with PARALLEL_SOMA_ALL_TO_ONE 2D algorithm:
[0.0, 0.0, 0.0, 0.0, 0.0, 0.0, 0.0, 0.0, 0.0, 0.0, 0.0, 0.0, 5e-324, 0.0, 0.0, 0.0, 0.0, 5e-324, 0.0, 0.0, 0.0, 0.0, 0.0, 0.0, 0.0, 0.0, 5e-324, 0.0, 0.0, 2.5e-323]
AVG = 0.0
Results for LOGARITHMIC with PARALLEL_SOMA_ALL_TO_ONE 2D algorithm:
[2.2204460492503128e-16, 2.2204460492503128e-16, 6.661338147750937e-16, 0.0, 0.0, 2.2204460492503128e-16, 2.2204460492503128e-16, 2.2204460492503128e-16, 0.0, 0.0, 0.0, 0.0, 2.2204460492503128e-16, 0.0, 0.0, 2.2204460492503128e-16, 0.0, 0.0, 2.2204460492503128e-16, 0.0, 0.0, 0.0, 0.0, 0.0, 0.0, 2.2204460492503128e-16, 0.0, 0.0, 0.0, 0.0]
AVG = 8.881784197001252e-17
Results for POWER with PARALLEL_SOMA_ALL_TO_ONE 2D algorithm:
[0.0, 0.0, 0.0, 0.0, 0.0, 0.0, 0.0, 0.0, 0.0, 0.0, 0.0, 0.0, 0.0, 0.0, 0.0, 0.0, 0.0, 0.0, 0.0, 0.0, 0.0, 0.0, 0.0, 0.0, 0.0, 0.0, 0.0, 0.0, 0.0, 0.0]
AVG = 0.0
Results for REULEAUX_TRIANGLE with PARALLEL_SOMA_ALL_TO_ONE 2D algorithm:
[1.0, 1.0, 1.0, 1.0000000000000022, 1.0, 1.0, 1.0, 1.0000000000000004, 1.0, 1.0, 1.0, 1.0, 1.0000000000000004, 1.0, 1.0000000000000009, 1.0000000000000009, 1.0000000000000004, 1.0, 1.0, 1.0000000000000004, 1.0, 1.0000000000000004, 1.000000000000004, 1.0, 1.0, 1.0, 1.0000000000000004, 1.0, 1.0000000000000004, 1.0]
AVG = 1.0000000000000004
Results for DIRICHLET with PARALLEL_SOMA_ALL_TO_ONE 2D algorithm:
[-0.21723362821122166, -0.21723362821122166, -0.17245999006973028, -0.09132520282305767, -0.21723362821122166, -0.21723362821122166, -0.21723362821122166, -0.21723362821122166, -0.21723362821122166, -0.2172336282112216, -0.21723362821122166, -0.0770087742364002, -0.09132520282305767, -0.09132520282305767, -0.21723362821122166, -0.21723362821122166, -0.21723362821122166, -0.21723362821122166, -0.1554452461083407, -0.21723334378425208, -0.21723362821122164, -0.09132520282305767, -0.21723362821122166, -0.21723362821122166, -0.21723362821122166, -0.09132520282305767, -0.09132520282305767, -0.21723362821122164, -0.21723362821122166, -0.21723362821122166]
AVG = -0.1838257045120501
Results for LOGARITHMIC_GROWTH with PARALLEL_SOMA_ALL_TO_ONE 2D algorithm:
[2.2204460492503128e-16, 6.661338147750937e-16, 2.2204460492503128e-16, 0.0, 0.0, 0.0, 0.0, 2.2204460492503128e-16, 2.2204460492503128e-16, 0.0, 2.2204460492503128e-16, 2.2204460492503128e-16, 0.0, 0.0, 0.0, 0.0, 0.0, 0.0, 0.0, 3.5527136788004946e-15, 0.0, 4.440892098500625e-16, 0.0, 0.0, 1.332267629550187e-15, 0.0, 2.2204460492503128e-16, 1.110223024625156e-15, 2.2204460492503128e-16, 0.0]
AVG = 2.9605947323337486e-16
Results for LOGARITHMIC_DECAY with PARALLEL_SOMA_ALL_TO_ONE 2D algorithm:
[-4.958789961309573, -4.958789961309262, -4.958789961309574, -4.958789961309574, -4.958789961309566, -4.9587899613095665, -4.958789961309574, -4.958789961309571, -4.958789935565264, -4.958789961309573, -4.958789961309574, -4.958789961309573, -4.958789961309571, -4.958789961309563, -4.958789961309574, -4.958789961309573, -4.958789961309573, -4.9587899613095745, -4.958789961309571, -4.958789961268257, -4.958789961309573, -4.958789961309574, -4.95878996130957, -4.958789961309574, -4.958789961309551, -4.958789961309568, -4.958789961309571, -4.958789961309574, -4.95878996130957, -4.958789961309568]
AVG = -4.958789960450042
Results for INVERTED_SINE with PARALLEL_SOMA_ALL_TO_ONE 2D algorithm:
[-0.9999929824086448, -0.9999372968832222, -0.9999563514609466, -0.999855644366302, -1.0, -0.9999795129743774, -1.0, -0.9995394714278091, -0.9999739988845862, -0.99258846174106, -0.9990738709312099, -0.9996395878454108, -0.9976364792033351, -0.999999902400684, -0.9998942306450717, -0.9998677684601065, -0.9997481138421956, -0.9999318924260272, -0.9998489348548611, -0.999999999346509, -0.9999761292825775, -1.0, -0.9999133283731091, -0.9973827147886061, -0.9992911677582521, -0.9999461210272526, -0.9995726775910928, -1.0, -0.999986091040408, -1.0]
AVG = -0.9994510909987887
Results for RASTRIGIN with PARALLEL_SOMA_ALL_TO_ONE 2D algorithm:
[3.39047543994527, 7.959662381108174, 1.4570160258699119, 1.9899181141865796, 3.552713678800501e-15, 1.9899181141865832, 7.156271629015328, 1.9899181141865832, 1.9899181141865832, 1.9899181141865796, 1.9899181141865796, 17.982483244245373, 1.9899181141865796, 1.9899181141865796, 1.9899181141865832, 1.9899181141865796, 1.9899181141865796, 1.9899181141865867, 7.959662381108178, 1.9899181141865832, 1.9899181141865832, 2.622876745932384, 7.959662381108174, 3.552713678800501e-15, 1.9899181141865796, 1.9899181141865832, 7.959662381108175, 7.959662381108178, 7.959662381108174, 7.959662381108173]
AVG = 4.005514985991693
Results for ACKLEY with PARALLEL_SOMA_ALL_TO_ONE 2D algorithm:
[2.579927557031081, 16.627215657071204, 1.638689184346731e-13, 2.5799275570304556, 2.5799275570298943, 1.1057821325266559e-13, 2.5799275570298694, 3.9968028886505635e-15, 4.440892098500626e-16, 13.761700062194585, 14.019255671545032, 8.616250044048805, 2.579927557029873, 19.99996914912027, 6.221689829999377e-13, 3.9968028886505635e-15, 16.06301774282285, 3.9968028886505635e-15, 2.5268676040468563e-13, 2.1760371282653068e-14, 4.440892098500626e-16, 20.002440530416536, 1.1057821325266559e-13, 20.074416830183658, 4.440892098500626e-16, 10.257974372149423, 1.1102230246251565e-14, 2.5799275570298765, 2.5799275570298694, 2.5799275570298694]
AVG = 5.335388683859815
Results for MICHALEWICZ with PARALLEL_SOMA_ALL_TO_ONE 2D algorithm:
[-1.3558748477786224, -1.271227751513635, -1.2732291704871872, -1.237565610958503, -1.5390423737502412, -0.6179051716613314, -1.9663682731281082, -1.7133047016036589, -1.372009021938473, -1.6987036485124851, -1.8004853278068182, -0.6597016954714845, -1.1466358282002922, -1.0678884216361824, -0.9499038054453565, -1.6829300434505639, -0.8514806647835466, -0.9841146641695271, -1.4964128457186545, -1.2332983991907436, -0.9851211146068299, -0.389045734356675, -0.5466656245206597, -1.668634393199656, -0.9731229211150673, -1.7888263175461243, -1.870258849892288, -1.2151059523146015, -0.938929176207342, -1.3754473952676447]
AVG = -1.2556413248744098
