Results for IDENTITY with PARALLEL_SOMA_ALL_TO_ALL 30D algorithm:
[3.0992373600271676e-50, 1.8348394889676405e-47, 1.9518511718558614e-46, 1.3014598040026955e-49, 3.61253146198661e-49, 1.7359686598168592e-41, 1.5344316514035368e-52, 8.962143759192148e-44, 5.047309410716693e-44, 1.3811456365692725e-51, 1.3767950899915316e-49, 1.3704995616157778e-45, 1.138568996045586e-45, 1.2939007263721208e-53, 9.287995014241984e-48, 1.7919277741696245e-50, 5.03602439460451e-49, 3.3014214470000956e-39, 1.7066810594216116e-53, 1.3546764087813569e-52, 6.825027848435577e-48, 2.278540302716132e-50, 4.386181212847631e-50, 4.2056636001449463e-50, 1.7027070211336518e-44, 9.93670271826968e-50, 1.5990219444966273e-45, 6.404992270612655e-51, 5.930201997037043e-45, 1.2794429867506921e-46]
AVG = 1.1063162174937592e-40
Results for LINEAR with PARALLEL_SOMA_ALL_TO_ALL 30D algorithm:
[5.60321889540001e-38, 4.016506950603251e-42, 6.4888907215196894e-52, 4.694555404752111e-40, 7.344470951123939e-40, 2.3873600843687934e-48, 1.842551641803525e-42, 7.408295968126373e-49, 1.0480279228730902e-45, 1.033030986479759e-37, 1.6216598076428405e-46, 1.949409087058711e-42, 2.7517788884002684e-40, 5.289207329975432e-40, 1.0948752885953668e-41, 5.7940535720934484e-46, 1.4833986058659242e-40, 2.057054550892615e-39, 3.801551495427362e-52, 3.945622396154691e-46, 2.014743981039828e-54, 2.1241700889329176e-44, 6.896809930591764e-46, 1.7782694741560204e-45, 3.0301291159970973e-32, 9.831290817061102e-51, 9.113140707524826e-45, 2.2633545278959857e-41, 2.774223254809073e-47, 3.1131320168272364e-50]
AVG = 1.0100484916693349e-33
Results for PARABOLA with PARALLEL_SOMA_ALL_TO_ALL 30D algorithm:
[1.5488690369452345e-98, 1.9411420163383928e-97, 4.107589127819422e-82, 9.484787927723087e-91, 5.584304897086855e-94, 1.613837520772149e-85, 2.345026830295385e-71, 2.7379215275632148e-92, 4.0831930291440125e-102, 1.892257247079281e-88, 4.1706261498915997e-64, 1.0635072468448217e-79, 2.517023367742073e-76, 2.4045253420069578e-90, 1.4518341030320339e-96, 8.842590207850108e-93, 1.96179496069724e-78, 3.6754366101222006e-111, 1.1581619529092587e-79, 1.496264608419746e-78, 3.75147727482894e-89, 3.327718874934574e-83, 1.8157822854005053e-100, 1.399582836545578e-98, 1.2803026218792354e-85, 1.8500516529003212e-69, 3.297202500408829e-96, 5.277195182375967e-80, 8.415679392287595e-84, 7.270513204253773e-84]
AVG = 1.3902149616377887e-65
Results for SINUS with PARALLEL_SOMA_ALL_TO_ALL 30D algorithm:
[-1.0, -0.9999999999999998, -0.9999999999999999, -1.0, -0.9999999999999999, -0.9999999999999998, -1.0, -0.9999999999999987, -0.9999999999999999, -1.0, -1.0, -1.0, -0.9999999999999967, -0.9999999999999966, -0.9999999999999989, -0.9999999999999974, -0.9999999999999947, -0.9999999999999994, -1.0, -0.9999999999999989, -0.9999999999999996, -0.9999999999999992, -0.9999999999999996, -1.0, -0.9999999999999954, -0.9999999999999621, -1.0, -0.9999999999999952, -0.9999999999999986, -0.999999999999997]
AVG = -0.9999999999999977
Results for COSINUS with PARALLEL_SOMA_ALL_TO_ALL 30D algorithm:
[-0.9999999999999998, -0.9999999999999933, -0.9999999999999999, -1.0, -1.0, -0.9999999999999997, -0.9999999999999912, -1.0, -0.9999999999999991, -0.9999999999999994, -1.0, -0.9999999999999999, -0.9999999999999997, -1.0, -1.0, -0.9999999999999993, -0.9999999999999998, -0.9999999999999988, -0.9999999999999966, -0.9999999999999657, -0.9999999999999987, -0.9999999999999994, -0.9999999999999998, -0.9999999999999979, -0.999999999999999, -0.9999999999999999, -0.9999999999999993, -0.9999999999999998, -1.0, -0.9999999999999939]
AVG = -0.9999999999999978
Results for EXPONENTIAL_GROWTH with PARALLEL_SOMA_ALL_TO_ALL 30D algorithm:
[1.0000000000000093, 1.0000000000000095, 1.000000000000007, 1.0000000000000042, 1.000000000000008, 1.0000000000000564, 1.0000000000000069, 1.000000000000017, 1.000000000000453, 1.0000000000000118, 1.0000000000000087, 1.0000000000000127, 1.0000000000000053, 1.0000000000000058, 1.0000000000000049, 1.000000000000008, 1.0000000000000593, 1.0000000000000493, 1.0000000000000093, 1.000000000000008, 1.0000000000006604, 1.0000000000000062, 1.0000000000000047, 1.0000000000000135, 1.0000000000000104, 1.0000000000000113, 1.000000000000005, 1.0000000000000113, 1.00000000000006, 1.0000000000000049]
AVG = 1.000000000000051
Results for EXPONENTIAL_DECAY with PARALLEL_SOMA_ALL_TO_ALL 30D algorithm:
[1.315469821107912e-165, 1.3154698211077049e-165, 1.3154698211093634e-165, 1.3154698211078085e-165, 1.315469821108016e-165, 1.315469821107912e-165, 1.315469821107394e-165, 1.315469821107912e-165, 1.3154698211078085e-165, 1.3154698211077049e-165, 1.3154698211101929e-165, 1.3154698211092597e-165, 1.3154698211082232e-165, 1.3154698211089489e-165, 1.3154698211078085e-165, 1.3154698211072904e-165, 1.3154698211088452e-165, 1.3154698211077049e-165, 1.3154698211084305e-165, 1.315469821107912e-165, 1.3154698211082232e-165, 1.3154698211076012e-165, 1.3154698211077049e-165, 1.3154698211098817e-165, 1.315469821108534e-165, 1.315469821107912e-165, 1.3154698211081196e-165, 1.315469821108534e-165, 1.3154698211078085e-165, 1.3154698211090525e-165]
AVG = 1.3154698211082507e-165
Results for SIGMOID with PARALLEL_SOMA_ALL_TO_ALL 30D algorithm:
[1.0, 1.0, 1.0, 1.0, 1.0, 1.0, 1.0, 1.0, 1.0, 1.0, 1.0, 1.0, 1.0, 1.0, 1.0, 1.0, 1.0, 1.0, 1.0, 1.0, 1.0, 1.0, 1.0, 1.0, 1.0, 1.0, 1.0, 1.0, 1.0, 1.0]
AVG = 1.0
Results for TRIANGLE with PARALLEL_SOMA_ALL_TO_ALL 30D algorithm:
[-0.999999917572211, -0.9999999620293067, -0.9999999847896106, -0.9999999377398581, -0.9999999972236253, -0.9999999902462946, -0.9999999614733781, -0.9999999692022925, -0.9999999816033096, -0.9999999970706597, -0.9999999838352096, -0.9999999927230192, -0.9999999218138385, -0.9999999878239691, -0.999999992162202, -0.9999999932610422, -0.9999999765894927, -0.9999999588164599, -0.9999999402683954, -0.9999999733298637, -0.9999999520755694, -0.9999999626010094, -0.999999955083581, -0.9999999741232273, -0.9999999906831079, -0.9999999987148271, -0.9999999835644076, -0.9999999650395921, -0.999999993933244, -0.9999999830317279]
AVG = -0.9999999726141444
Results for QUADRATIC_SINE with PARALLEL_SOMA_ALL_TO_ALL 30D algorithm:
[-1.2990381056766573, -1.2990381056766573, -1.2990381056766538, -1.2990381056766493, -1.299038105676658, -1.2990381056766571, -1.2990381056766576, -1.2990381056766565, -1.299038105676643, -1.2990381056766518, -1.2990381056766556, -1.2990381056766578, -1.2990381056766567, -1.2990381056766573, -1.299038105676658, -1.2990381056766376, -1.2990381056766553, -1.2990381056766573, -1.2990381056766578, -1.299038105676658, -1.2990381056766553, -1.2990381056766551, -1.299038105676658, -1.2990381056766451, -1.299038105676655, -1.2990381056766398, -1.299038105676658, -1.2990381056766578, -1.299038105676658, -1.2990381056766525]
AVG = -1.2990381056766542
Results for GAUSSIAN_BELL with PARALLEL_SOMA_ALL_TO_ALL 30D algorithm:
[0.0, 0.0, 0.0, 0.0, 0.0, 0.0, 0.0, 0.0, 0.0, 0.0, 0.0, 0.0, 0.0, 0.0, 0.0, 0.0, 0.0, 0.0, 0.0, 0.0, 0.0, 0.0, 0.0, 0.0, 0.0, 0.0, 0.0, 0.0, 0.0, 0.0]
AVG = 0.0
Results for SAWTOOTH with PARALLEL_SOMA_ALL_TO_ALL 30D algorithm:
[-0.9999999497371732, -0.9999999281677674, -0.9999999545075298, -0.9999999857481612, -0.9999999963933419, -0.9999999851436883, -0.999999999140698, -0.9999999219389792, -0.9999999845060188, -0.9999999703827598, -0.9999999611211479, -0.9999999670112061, -0.9999999865706286, -0.9999998665232397, -0.9999999273548497, -0.9999999557695674, -0.9999999980037728, -0.9999999703352955, -0.9999999719315724, -0.9999999840504188, -0.9999999955258545, -0.999999874981711, -0.9999999384058356, -0.9999999991198365, -0.9999999773950208, -0.9999999884634008, -0.9999999742667569, -0.9999999583955059, -0.9999999522954113, -0.9999998350782562]
AVG = -0.9999999586088468
Results for TANH with PARALLEL_SOMA_ALL_TO_ALL 30D algorithm:
[1.0, 1.0, 1.0, 1.0, 1.0, 1.0, 1.0, 1.0, 1.0, 1.0, 1.0, 1.0, 1.0, 1.0, 1.0, 1.0, 1.0, 1.0, 1.0, 1.0, 1.0, 1.0, 1.0, 1.0, 1.0, 1.0, 1.0, 1.0, 1.0, 1.0]
AVG = 1.0
Results for LOGISTIC_SIGMOID with PARALLEL_SOMA_ALL_TO_ALL 30D algorithm:
[1.0, 1.0, 1.0, 1.0, 1.0, 1.0, 1.0, 1.0, 1.0, 1.0, 1.0, 1.0, 1.0, 1.0, 1.0, 1.0, 1.0, 1.0, 1.0, 1.0, 1.0, 1.0, 1.0, 1.0, 1.0, 1.0, 1.0, 1.0, 1.0, 1.0]
AVG = 1.0
Results for QUADRATIC_GROWTH with PARALLEL_SOMA_ALL_TO_ALL 30D algorithm:
[1.0000000000000038, 1.000000000000003, 1.0000000000000027, 1.000000000000001, 1.0000000000000042, 1.0000000000000016, 1.000000000000002, 1.0000000000000016, 1.0000000000000016, 1.0000000000000062, 1.0000000000000027, 1.0000000000000013, 1.0000000000000284, 1.0000000000000029, 1.0000000000000127, 1.0000000000000022, 1.0000000000000013, 1.0000000000000122, 1.0000000000000033, 1.0000000000000033, 1.000000000000002, 1.0000000000000546, 1.0000000000000133, 1.0000000000000087, 1.0000000000000022, 1.0000000000000444, 1.000000000000002, 1.0000000000000056, 1.000000000000006, 1.000000000000004]
AVG = 1.0000000000000082
Results for QUADRATIC_DECAY with PARALLEL_SOMA_ALL_TO_ALL 30D algorithm:
[-299998.9999999983, -299998.99999999907, -299998.99999999866, -299998.99999085895, -299998.9999999977, -299998.99999999854, -299998.99999999854, -299998.9999999994, -299998.99999999756, -299998.9999999992, -299998.99999999907, -299998.99999999854, -299998.99999999854, -299998.99999999633, -299998.9999999983, -299998.9999999984, -299998.9999999982, -299998.9999999984, -299998.9999999967, -299998.99999999907, -299998.99999999854, -299998.99999999854, -299998.9999999992, -299998.99999999907, -299998.9999999973, -299998.999999998, -299998.9999999982, -299998.99999999866, -299998.9999999984, -299998.9999999977]
AVG = -299998.9999996937
Results for SQUARE_ROOT with PARALLEL_SOMA_ALL_TO_ALL 30D algorithm:
[1.527214851121989e-23, 1.3353193517779856e-23, 2.3385136170420937e-19, 6.855851916899622e-23, 1.192588858193663e-19, 1.2469263767240218e-24, 7.650460956302251e-22, 3.2080665293254965e-20, 1.3246474675661691e-19, 7.69761216852904e-23, 1.6660900233293e-21, 3.1670005303091234e-22, 2.0814846469180496e-19, 2.893366841671717e-23, 7.733860159794793e-27, 7.55219398900133e-21, 2.1906713528149795e-24, 4.6019112576646234e-21, 1.1817346159715955e-23, 2.2096249401600913e-20, 1.3987046170548328e-19, 6.013411666981776e-22, 1.2017835840240833e-22, 2.32377518293873e-25, 5.2827996955663684e-24, 1.1638075261855864e-20, 6.927396897708683e-24, 9.917438981994024e-22, 1.4812895161503183e-23, 1.9878770105435602e-23]
AVG = 3.0542986868152566e-20
Results for CUBIC with PARALLEL_SOMA_ALL_TO_ALL 30D algorithm:
[3.452489421979667e-148, 1.3969211372286191e-137, 2.32788821432135e-163, 1.1217075029335566e-143, 4.532639183470934e-113, 6.040384545693929e-135, 2.2354887935302247e-98, 1.353369555608387e-148, 3.3067883861886593e-118, 7.819631093519851e-146, 5.5302818635529286e-139, 1.2134272287693398e-131, 4.274834266111078e-146, 2.8306863285587427e-128, 6.042887901035225e-150, 2.569085158739628e-131, 2.2814243616372784e-103, 5.813484684911447e-134, 4.423938931972159e-121, 1.424464600855015e-96, 1.253840563556483e-112, 3.656867331487318e-133, 5.886499677585775e-135, 7.138197390562919e-151, 7.6228383173931445e-118, 3.326495663224641e-123, 2.7749098025629415e-147, 1.6349720776544693e-148, 8.338513548449441e-142, 7.225352057223069e-121]
AVG = 4.822732389775845e-98
Results for LOGARITHMIC with PARALLEL_SOMA_ALL_TO_ALL 30D algorithm:
[9.32587340685127e-15, 1.6875389974302237e-14, 1.176836406102659e-14, 6.217248937900858e-15, 8.437694987151153e-15, 4.440892098500617e-15, 6.4392935428258874e-15, 3.153033389935395e-14, 0.06790738772252489, 6.883382752675947e-15, 5.551115123125767e-15, 1.5543122344752072e-14, 4.596323321948043e-14, 6.883382752675947e-15, 1.2656542480726704e-14, 4.884981308350677e-15, 2.4868995751603197e-14, 8.437694987151153e-15, 9.992007221626358e-15, 4.6629367034256464e-15, 8.881784197001213e-15, 2.3581137043035543e-13, 5.7731597280507974e-15, 2.6925128792846814e-11, 1.1546319456101562e-14, 3.330669073875414e-14, 1.465494392505196e-14, 5.329070518200737e-15, 1.3544720900426818e-14, 6.661338147750917e-15]
AVG = 0.002263579591667563
Results for POWER with PARALLEL_SOMA_ALL_TO_ALL 30D algorithm:
[6.431387267533974e-144, 1.6325102552774286e-121, 3.424526823311732e-147, 8.897902846642379e-144, 6.368222420554984e-152, 5.987223705802655e-129, 1.7055447161037947e-137, 9.79082828510144e-140, 1.9685040929958287e-135, 2.053049769982033e-140, 1.1917629829057345e-128, 6.974462678106487e-111, 4.0044660203354423e-128, 2.411121853586907e-131, 2.9845346634930046e-147, 3.044013319299683e-129, 1.8859825842661323e-123, 1.7428450534944294e-138, 2.282008920964186e-142, 6.063416892319361e-123, 1.7423886445592062e-122, 1.0079238551278037e-130, 2.5190161961963414e-133, 4.208818608197102e-121, 4.196449133754187e-122, 1.3291144698198084e-118, 6.356790841898958e-150, 1.9790522173216836e-146, 2.2651640289993946e-144, 4.4247407065373144e-135]
AVG = 2.324820937223135e-112
Results for REULEAUX_TRIANGLE with PARALLEL_SOMA_ALL_TO_ALL 30D algorithm:
[1.0000000000000204, 1.0000000000000369, 1.0000000000000293, 1.0000000000000182, 1.0000000000000204, 1.0000000000000142, 1.0000000000000595, 1.0000000000000302, 1.0000000000001124, 1.0000000000000195, 1.000000000000008, 1.0000000000000244, 1.0000000000000164, 1.000000000000048, 1.0000000000000138, 1.000000000000035, 1.0000000000000098, 1.0000000000000129, 1.0000000000000098, 1.0000000000000155, 1.0000000000001559, 1.00000000000002, 1.000000000000035, 1.0000000000008797, 1.0000000000000084, 1.0000000000000173, 1.0000000000000147, 1.0000000000000209, 1.0000000000000342, 1.000000000000012]
AVG = 1.0000000000000584
Results for DIRICHLET with PARALLEL_SOMA_ALL_TO_ALL 30D algorithm:
[-0.020540371941715048, -0.033489227121891445, -0.0335250886644775, -0.029277675200885388, -0.027689732268641368, -0.03352513502085493, -0.042478288605205645, -0.03347163701696074, -0.023582328574829135, -0.02315500654597387, -0.02768963745916315, -0.03346707020773621, -0.03352513502126189, -0.02768973221402696, -0.020540443194623028, -0.027689732144084114, -0.027689726326852397, -0.020517595327583113, -0.02768969775366781, -0.02768424519579908, -0.04247935066702466, -0.028058164386770564, -0.023585068224423675, -0.027689141797382147, -0.02768929929612743, -0.02768973229896643, -0.033525135009782825, -0.03344010170516816, -0.03352062728754936, -0.02768973230079663]
AVG = -0.029342795292674154
Results for LOGARITHMIC_GROWTH with PARALLEL_SOMA_ALL_TO_ALL 30D algorithm:
[2.1849189124620693e-13, 5.107025913275707e-15, 1.8873791418627484e-14, 8.437694987151153e-15, 4.3298697960380165e-14, 2.242650509742791e-14, 6.4392935428258874e-15, 4.3964831775155233e-14, 1.1990408665951618e-14, 1.7097434579227266e-14, 1.665334536937721e-14, 1.5987211554602128e-14, 1.3766765505351846e-14, 1.4876988529976987e-14, 4.019007349142986e-14, 1.1546319456101562e-14, 5.329070518200737e-15, 1.1324274851176532e-14, 1.1102230246251504e-14, 3.264055692397907e-14, 1.1102230246251504e-14, 4.840572387365565e-14, 6.883382752675947e-15, 1.0436096431476416e-14, 4.418687638008025e-14, 3.5527136788004946e-15, 1.5543122344752072e-14, 5.329070518200737e-15, 7.549516567451036e-15, 1.766364832177064e-12]
AVG = 8.29632658867695e-14
Results for LOGARITHMIC_DECAY with PARALLEL_SOMA_ALL_TO_ALL 30D algorithm:
[-6.307592954036672, -6.307592954036664, -6.30759295403667, -6.307592954036673, -6.30759295403667, -6.307592954036669, -6.307592954036673, -6.307592954036668, -6.30759295403667, -6.30759295403667, -6.3075929540366715, -6.307592954036662, -6.307592954036671, -6.307592954036658, -6.30759295403666, -6.307592954036676, -6.307592954036665, -6.307592954036672, -6.3075929540366715, -6.307592954036666, -6.30759295403667, -6.30759295403667, -6.3075929540366715, -6.307592954036658, -6.307592954036672, -6.307592954036581, -6.307592954036662, -6.3075929540366635, -6.307592954036671, -6.307592954036667]
AVG = -6.307592954036664
Results for INVERTED_SINE with PARALLEL_SOMA_ALL_TO_ALL 30D algorithm:
[-0.9999999999999999, -0.9999999999999998, -1.0, -0.9999999999999999, -0.9999999999999999, -0.9999999999999994, -1.0, -0.9999999999999996, -0.9999999999999981, -0.9999999999999999, -1.0, -0.9999999999999994, -1.0, -1.0, -0.9999999999999994, -1.0, -0.9999999999999932, -0.9999999999999993, -0.9999999999999971, -1.0, -0.9999999999999901, -0.9999999999999979, -0.9999999999999923, -0.9999999999999997, -0.9999999999999998, -0.9999999999999999, -0.9999999999999997, -0.9999999999999984, -0.9999999999999991, -0.9999999999999999]
AVG = -0.9999999999999988
Results for RASTRIGIN with PARALLEL_SOMA_ALL_TO_ALL 30D algorithm:
[1074.5397579840728, 807.9359668518414, 746.2116880362669, 746.211693711264, 746.2116880362703, 937.797013166113, 1074.5397579839027, 477.5773137738497, 1074.5397579839068, 1462.5597834470889, 1074.5397579901542, 1074.5397579839023, 794.0993587543921, 895.8293784100687, 477.5773137738497, 1074.5397579839096, 1462.5597834437417, 1964.0204647562498, 1074.5397579839023, 746.3049001590616, 1027.9669052008837, 728.457963180266, 1074.5397579839027, 1462.5597834432008, 746.211688036874, 1462.559783443198, 746.2116880362737, 1910.2696690942334, 671.8022333441331, 1509.1369069875532]
AVG = 1037.5463676988109
Results for ACKLEY with PARALLEL_SOMA_ALL_TO_ALL 30D algorithm:
[17.74755559108334, 16.397910972923462, 16.450104945961083, 19.175816698672467, 17.873236248847917, 20.398019096792197, 17.50118126701355, 20.058802220181942, 16.108201283788084, 20.31540059003038, 20.586013646758257, 20.376661272595122, 20.474439944222123, 14.55961735585599, 16.13983915936269, 17.41207000598364, 19.04237369943622, 20.19035877966906, 19.03370220820508, 19.78739163744335, 18.821312600361306, 17.01820981665613, 19.680459985489886, 19.49327318630639, 18.900351746260796, 20.407185412469328, 19.575768099463186, 19.552553255241232, 20.575056572536393, 19.21409525877446]
AVG = 18.762232085279503
Results for MICHALEWICZ with PARALLEL_SOMA_ALL_TO_ALL 30D algorithm:
[-10.799774563645418, -10.437984448611653, -12.941168863243956, -11.087260884870261, -11.169624739061716, -10.461566076011868, -11.59757311689743, -11.658226934069315, -11.349563149215442, -12.178147436941515, -11.346817737192259, -10.146563016767253, -10.696140482149712, -12.414565972364208, -10.916240338937248, -11.083122290579942, -11.76671612951568, -11.444339224491753, -10.871166043591167, -10.700368347935472, -10.636209784124578, -11.55994552604999, -10.97409854045152, -10.563660134723422, -11.204256427264239, -11.57129563036548, -11.801551343548743, -10.994187972111714, -11.016188411639822, -12.197879644979647]
AVG = -11.252873440378412
