Results for SCHAFFER_F7 with PARALLEL_SOMA_ALL_TO_ALL 2D algorithm:
[0.3622346688609651, 0.5297437872738328, 0.37273091496744887, 0.0317685969501003, 0.25354207533297285, 0.3838298849510322, 0.7416385513722277, 0.06748264350346544, 0.5418917382914664, 0.016947629035444268, 0.016243656014161858, 0.19604676422361295, 0.016243656275174777, 0.22261916424880282, 0.8334572560312643, 0.4056193909815753, 0.1912421687326715, 0.12876988666303754, 0.15799588741017945, 1.9797606751111272, 0.21207576566826897, 0.09730339304696171, 0.841089981206405, 1.098074640259306, 0.2475133471581873, 0.3576564175169613, 0.7278637391559719, 0.10146764618550594, 0.1162376824040204, 0.01624688733126804]
AVG = 0.37551128320544735
Results for GRIEWANK with PARALLEL_SOMA_ALL_TO_ALL 2D algorithm:
[0.04452392163265084, 0.07185373528441519, 0.009876599347579562, 0.03633998397956728, 0.008788170548029717, 0.017941505851403416, 0.07522669802238624, 0.041128297841879435, 0.053051432407623444, 0.0009121056477329192, 0.04497389754794612, 0.011028183885406051, 0.0756357320022858, 0.0003598699649942638, 0.09844051437388013, 0.02670914392788659, 0.014576123772735539, 0.05975995106716325, 0.020024769344856974, 1.882697607480388e-06, 0.010675463367079696, 0.007396328434602695, 0.0061694316424371065, 0.028413758100495512, 0.16284794047497753, 0.10239099595903955, 0.027125384403958286, 0.008933491061514531, 0.0582557579084676, 0.06435484209994613]
AVG = 0.03959053042001829
Results for LEVY with PARALLEL_SOMA_ALL_TO_ALL 2D algorithm:
[0.000603806349956075, 0.0004305207984532318, 0.0037137820120323505, 0.00022964241120050662, 5.602467669652686e-12, 0.09699952944263342, 6.552058878117388e-08, 2.9751495906626763e-08, 5.1039744816006665e-05, 3.2842621794805335e-14, 0.0030942406175417736, 0.09207370895330122, 0.068221921787072, 2.6415979567511256e-28, 0.0037004599721853137, 7.324359869678666e-05, 4.0347633738174456e-14, 0.03218167957369095, 6.114219323216292e-08, 0.00011043844723384807, 0.001907592832723597, 4.7934033457731745e-06, 0.2969070123788283, 0.006015958932697759, 7.53059335188507e-10, 0.030575266246842134, 0.07370568646026429, 0.00036507125916782323, 0.0005465341527996792, 2.841674056843193e-07]
AVG = 0.023717079023863386
Results for EGGHOLDER with PARALLEL_SOMA_ALL_TO_ALL 2D algorithm:
[-126.41905710332792, -126.42383220972089, -125.62231384433261, -126.4221210285481, -227.12248941250596, -126.11307696648709, -225.44409976414624, -126.3859275603223, -117.06640750646847, -126.42383220972147, -126.42317613438766, -125.31759885351543, -155.49589458577717, -204.0675025723827, -126.4238322097053, -184.48455785421658, -168.91808488243908, -126.4151363265836, -124.89223818836676, -116.3994278505765, -126.42291970264361, -203.20967553028407, -126.16280875086467, -126.42095494803996, -143.39794126147171, -126.42383220972133, -129.6618204143149, -126.37623826052375, -124.16429781341381, -126.42382148701284]
AVG = -142.3648305813941
Results for ROSENBROCK with PARALLEL_SOMA_ALL_TO_ALL 2D algorithm:
[11.165217580780016, 2.559441005829833, 3.310855281022108, 0.2663018842254099, 1.895877882700236, 21.027178352795204, 2.4401902210340167, 13.40485045107156, 2.1964522459475653, 0.03180845334522741, 0.10810889489819132, 2.6311474289739256, 16.21436757873879, 0.8290805049063306, 55.90211471214345, 3.7734647683312943, 8.455808675769568, 0.824303864014987, 15.706783522307177, 25.507005092345988, 1.8891746278156227, 1.0960219037772352, 5.757252945918512, 0.022980531381708566, 0.7811778363999585, 4.665892583877952, 18.771896088044315, 12.836005790760295, 11.634998352008505, 1.2093609028498018]
AVG = 8.230503998800492
Results for ZAKHAROV with PARALLEL_SOMA_ALL_TO_ALL 2D algorithm:
[8.270620359165159, 4.953534129407013e-05, 0.37612361486161305, 2.940948388689841e-06, 1.059741332438403, 3.404226188790534, 7.37354426642385e-07, 5.561446598632581, 5.230539267757297e-08, 6.096273513939264, 0.00032013386640890714, 0.3508802587291108, 0.007452685415794866, 2.9073139294757073, 1.9568053576541442, 7.804197224824898e-10, 9.715506924706079e-13, 0.002659350141501071, 4.576866948689966e-05, 0.07730016933155313, 0.41322165922355303, 0.2569212384218534, 0.035723705225830356, 1.6503594134257064e-19, 3.237042232614386, 0.06276109816585954, 0.0019978643559840927, 0.043201892934252986, 7.895685936723393e-06, 0.04801506948811073]
AVG = 1.1390051727985975
Results for SALOMON with PARALLEL_SOMA_ALL_TO_ALL 2D algorithm:
[0.12275422827859919, 0.1371162184286247, 0.139721041901345, 0.1023776984102548, 0.40149589610855074, 0.14767260746898125, 0.10244609237131541, 0.16685516616374607, 0.1015936465952688, 0.23528216190895151, 0.10228457481199343, 0.20790970163538292, 0.14244277910027353, 0.12182299587733292, 0.0024515587809471147, 0.10590523521885019, 0.09989558056353644, 0.11018718314907712, 0.3999212394444992, 0.10235169477495314, 0.441017029718865, 0.09987784495311958, 0.10156869234829796, 0.10954369785505302, 0.10823696918809204, 0.5064804637038617, 0.002247612978654656, 0.20949628473620707, 0.12456492034621017, 0.103308816888532]
AVG = 0.16196098779031257
Results for SCHAFFER_N2 with PARALLEL_SOMA_ALL_TO_ALL 2D algorithm:
[0.04741651716090889, 0.0294979244581991, 0.08154548952777296, 0.009913748667864264, 0.02529762938690372, 0.005133277055973773, 0.003391232091650098, 0.004045432763998047, 0.04858380864403239, 0.02522656651618488, 0.003818141568475708, 0.036738189454310344, 0.02446857078007697, 0.006010026331047635, 0.03604286377314686, 0.008661654545472963, 0.00885081593962711, 0.10455731122481432, 0.01938178741300589, 0.01697456866675262, 0.022966968287822298, 0.0032215285641430946, 0.040491864733088245, 0.008179751768214671, 0.00045618481438386427, 0.00877203530408105, 0.0003275091567203625, 0.027343440539086328, 0.05919743927447568, 0.06455624184965103]
AVG = 0.026035617342062833
Results for SCHWEFEL with PARALLEL_SOMA_ALL_TO_ALL 2D algorithm:
[735.0239070222455, 710.8456230396358, 711.3176682297698, 710.9235643651742, 750.248543616189, 710.9122878670395, 710.7748578890523, 710.6958361005952, 752.9227523089443, 710.7239709276836, 710.719319197118, 710.7010507600162, 725.9159408228785, 714.319194070473, 711.6814561786604, 711.0880362774428, 710.6993398964239, 712.1394709373251, 726.7942855205814, 750.3882468909443, 710.6958584391374, 710.7590550869454, 710.6959583979917, 710.6958360968918, 710.6984588208559, 715.7630769193304, 710.696186383948, 710.6958621082862, 717.2298937605257, 710.720778402161]
AVG = 717.2495438778088
Results for DIXON_PRICE with PARALLEL_SOMA_ALL_TO_ALL 2D algorithm:
[0.10467154027821063, 0.01111605437641156, 0.01597861481666532, 0.000275410624793663, 0.6345203663534745, 0.20771182818524742, 1.6102621758411643e-10, 0.012497614157342463, 0.6573731199152675, 0.016976269065491156, 0.20258289408017982, 2.0835294819007233, 0.003462425513270863, 3.697785493223493e-32, 0.003750473613797772, 0.6474459569101148, 5.9330321801606845, 2.8670045590329545e-13, 0.4132787265208916, 0.8844309047530416, 0.002816434513776027, 0.0016840725047894507, 0.0020555044030756715, 0.07781371920140825, 0.15367614083869033, 0.0894460737782885, 0.982224163378336, 1.3180762547505745e-10, 1.1237150914710283e-17, 0.6119069490414859]
AVG = 0.458475230639286
