Results for IDENTITY with PARALLEL_SOMA_ALL_TO_ONE 30D algorithm:
[1.1426040555712034e-17, 5.732525033132667e-15, 1.3853888266762019e-15, 3.758523292737171e-16, 3.3888590000784327e-16, 2.201884978764103e-16, 6.061135366772512e-16, 9.005324305724952e-17, 1.1947059964855775e-16, 5.186273633201233e-16, 6.269075481795188e-17, 3.2684186475965303e-16, 1.2621952716085087e-16, 5.228886439347609e-15, 4.883386708351954e-17, 6.458036673010929e-15, 8.785801006330917e-19, 2.4759681774646786e-15, 3.4997214599365753e-16, 9.84415394913989e-15, 1.7138419443785806e-16, 9.840806505951657e-17, 1.3445078271318029e-17, 1.3351326534102136e-14, 1.189988416115617e-15, 1.3169761799266965e-15, 4.771667241826635e-16, 3.065191327284811e-16, 1.4320716377797383e-14, 4.206982293867201e-16]
AVG = 2.199588076037116e-15
Results for LINEAR with PARALLEL_SOMA_ALL_TO_ONE 30D algorithm:
[2.8272378890543717e-15, 2.859470938980513e-16, 1.9450652383456778e-13, 1.7967865646495675e-15, 9.196202568908022e-17, 1.1732956673329506e-14, 2.563325420435043e-14, 3.527897203845472e-16, 7.3025946120709115e-16, 3.5264043019144785e-15, 5.597131770214725e-15, 5.050063098312918e-14, 3.9146153431980655e-15, 1.6281405353233693e-13, 3.256380109521561e-17, 4.631264009274273e-16, 8.408136944650712e-16, 3.533968171286532e-14, 9.844753570939932e-16, 6.172305935862484e-15, 5.900766992062499e-15, 1.0561078684108152e-15, 5.655166795615522e-17, 2.0813888877359588e-16, 1.0910083120132258e-16, 5.794679939323033e-15, 1.256273650118585e-14, 7.904105713061169e-15, 3.560175704883236e-15, 1.0177030744845188e-16]
AVG = 1.817992182381798e-14
Results for PARABOLA with PARALLEL_SOMA_ALL_TO_ONE 30D algorithm:
[2.4554066549942494e-31, 4.1655257450281054e-30, 5.733814980976444e-31, 5.2242242893550225e-31, 6.40638612516003e-26, 9.095763646843682e-32, 5.946511221250917e-29, 2.517041098433238e-31, 5.1876185535726474e-31, 3.351631582130275e-30, 9.660247671815522e-28, 1.9684081639147728e-31, 5.055473139801757e-31, 3.4967408748155626e-27, 2.0568861559138415e-30, 1.2268019544964481e-28, 2.148952671212514e-28, 1.8006259738419909e-32, 1.4333760537847057e-31, 4.396133822426769e-31, 8.156212071766927e-26, 8.476660476125261e-33, 9.607987982025192e-33, 1.8911169120914295e-28, 2.529032540747436e-28, 1.9253842275012164e-25, 1.5322900254998668e-31, 1.9164087727197803e-28, 1.7427270545847546e-29, 3.418240684703853e-32]
AVG = 1.1456285989412877e-26
Results for SINUS with PARALLEL_SOMA_ALL_TO_ONE 30D algorithm:
[-0.9999999999891525, -0.999999999999451, -0.999999999921072, -0.9999999999999466, -0.9999999999960205, -0.999999999999652, -0.9999999999911351, -0.9999999999949478, -0.9999999999999807, -0.9999999999998823, -0.9999999999955986, -0.9999999999994019, -0.999999999999686, -0.9999999999998177, -0.9999999999999842, -0.9999999999999826, -0.9999999999996191, -0.9999999999946357, -0.9999999999998814, -0.9999999999904793, -0.9999999999996017, -0.9999999999997017, -0.9999999999999923, -0.9999999999985334, -0.999999999997929, -0.9999999999981279, -0.9999999999999636, -0.9999999999999994, -0.999999999999996, -0.9999999999930369]
AVG = -0.9999999999952405
Results for COSINUS with PARALLEL_SOMA_ALL_TO_ONE 30D algorithm:
[-0.9999999999962143, -0.9999999999988908, -0.9999999999999298, -0.9999999999999304, -0.9999999999972836, -0.9999999999996207, -0.9999999999971897, -0.9999999999994972, -0.9999999999989658, -0.9999999999997519, -0.9999999999886547, -0.9999999999996851, -0.9999999999973033, -0.9999999999999434, -0.999999999967674, -0.9999999999992967, -0.9999999999939199, -1.0, -0.9999999999999896, -0.9999999999959663, -0.9999999999991513, -0.9999999999999041, -0.9999999999960163, -0.9999999999981134, -0.9999999999997062, -0.9999999999571356, -0.999999999999664, -0.9999999999998831, -0.9999999999999925, -0.9999999999991225]
AVG = -0.9999999999959465
Results for EXPONENTIAL_GROWTH with PARALLEL_SOMA_ALL_TO_ONE 30D algorithm:
[1.0000000000006712, 1.000000000000055, 1.0000000000000824, 1.0000000000000915, 1.0000000000001927, 1.0000000000000273, 1.0000000000000364, 1.000000000000072, 1.000000000000083, 1.0000000000000704, 1.0000000000000664, 1.0000000000000806, 1.0000000000009543, 1.0000000000000238, 1.0000000000002116, 1.0000000000000886, 1.0000000000001057, 1.000000000000361, 1.0000000000001443, 1.0000000000004274, 1.0000000000003746, 1.0000000000000557, 1.0000000000000964, 1.0000000000000564, 1.0000000000000524, 1.000000000000031, 1.0000000000000469, 1.0000000000000326, 1.0000000000005747, 1.0000000000008464]
AVG = 1.0000000000002003
Results for EXPONENTIAL_DECAY with PARALLEL_SOMA_ALL_TO_ONE 30D algorithm:
[1.3154698211086377e-165, 1.3154698211086377e-165, 1.315469821107912e-165, 1.315469821107394e-165, 1.3154698211071865e-165, 1.315469821107912e-165, 1.3154698211094672e-165, 1.3154698211077049e-165, 1.315469821107912e-165, 1.3154698211071865e-165, 1.315469821107912e-165, 1.315469821107912e-165, 1.3154698211071865e-165, 1.315469821107394e-165, 1.3154698211072904e-165, 1.3154698211071865e-165, 1.3154698211072904e-165, 1.3154698211078085e-165, 1.3154698211086377e-165, 1.3154698211071865e-165, 1.3154698211072904e-165, 1.315469821108534e-165, 1.3154698211078085e-165, 1.315469821107912e-165, 1.3154698211090525e-165, 1.315469821107912e-165, 1.3154698211071865e-165, 1.3154698211076012e-165, 1.315469821108534e-165, 1.315469821108016e-165]
AVG = 1.315469821107853e-165
Results for SIGMOID with PARALLEL_SOMA_ALL_TO_ONE 30D algorithm:
[1.0, 1.0, 1.0, 1.0, 1.0, 1.0, 1.0, 1.0, 1.0, 1.0, 1.0, 1.0, 1.0, 1.0, 1.0, 1.0, 1.0, 1.0, 1.0, 1.0, 1.0, 1.0, 1.0, 1.0, 1.0, 1.0, 1.0, 1.0, 1.0, 1.0]
AVG = 1.0
Results for TRIANGLE with PARALLEL_SOMA_ALL_TO_ONE 30D algorithm:
[-0.9999994532209655, -0.9999979447387091, -0.9999973134120523, -0.9999986105695484, -0.9999927070521437, -0.9999998180260263, -0.9999995300911451, -0.9999971466053807, -0.9999970043074882, -0.9999986530065712, -0.9999994271057346, -0.999999429276329, -0.9999990881729559, -0.9999989059549534, -0.9999995500060663, -0.9999999116197387, -0.9999997931613791, -0.999999869785654, -0.9999989182135209, -0.999999445250296, -0.9999982775406124, -0.9999979843306903, -0.9999999774975095, -0.9999994571010689, -0.999998344199696, -0.9999998859207722, -0.9999995001901993, -0.9999997887833842, -0.9999983519988689, -0.9999994426823093]
AVG = -0.9999987843273923
Results for QUADRATIC_SINE with PARALLEL_SOMA_ALL_TO_ONE 30D algorithm:
[-1.2990381056735847, -1.299038105673244, -1.2990381056765161, -1.299038105658339, -1.2990381056763562, -1.2990381056742395, -1.2990381056752154, -1.2990381056380893, -1.2990381056700786, -1.2990381056226976, -1.2990381056731954, -1.2990381056532376, -1.2990381056765345, -1.299038105662689, -1.2990381056766438, -1.2990381056761273, -1.2990381056578955, -1.299038105665763, -1.299038105668631, -1.2990381056755278, -1.2990381056758533, -1.2990381056720817, -1.2990381056756042, -1.299038105667431, -1.2990381056742186, -1.2990381056680445, -1.2990381056737235, -1.299038105676506, -1.2990381056766533, -1.2990381056765135]
AVG = -1.299038105668708
Results for GAUSSIAN_BELL with PARALLEL_SOMA_ALL_TO_ONE 30D algorithm:
[0.0, 0.0, 0.0, 0.0, 0.0, 0.0, 0.0, 0.0, 0.0, 0.0, 0.0, 0.0, 0.0, 0.0, 0.0, 0.0, 0.0, 0.0, 0.0, 0.0, 0.0, 0.0, 0.0, 0.0, 0.0, 0.0, 0.0, 0.0, 0.0, 0.0]
AVG = 0.0
Results for SAWTOOTH with PARALLEL_SOMA_ALL_TO_ONE 30D algorithm:
[-0.9999980517740141, -0.9999999293171982, -0.9999996674315526, -0.9999996408494098, -0.9999997213528786, -0.9999999185866386, -0.9999972763943106, -0.9999998910049044, -0.9999972119439917, -0.9999971885987975, -0.9999993743995219, -0.999999435202028, -0.9999958894430279, -0.9999996083715814, -0.9999994474933374, -0.9999980443548111, -0.9999978449594664, -0.9999986887684145, -0.9999995185557964, -0.9999990005032942, -0.9999990348761685, -0.9999980050390604, -0.9999985671404374, -0.9999978380362791, -0.9999999161939286, -0.9999999847169079, -0.999999825095415, -0.9999997347282488, -0.9999997967967715, -0.9999988275915257]
AVG = -0.9999988959839906
Results for TANH with PARALLEL_SOMA_ALL_TO_ONE 30D algorithm:
[1.0, 1.0, 1.0, 1.0, 1.0, 1.0, 1.0, 1.0, 1.0, 1.0, 1.0, 1.0, 1.0, 1.0, 1.0, 1.0, 1.0, 1.0, 1.0, 1.0, 1.0, 1.0, 1.0, 1.0, 1.0, 1.0, 1.0, 1.0, 1.0, 1.0]
AVG = 1.0
Results for LOGISTIC_SIGMOID with PARALLEL_SOMA_ALL_TO_ONE 30D algorithm:
[1.0, 1.0, 1.0, 1.0, 1.0, 1.0, 1.0, 1.0, 1.0, 1.0, 1.0, 1.0, 1.0, 1.0, 1.0, 1.0, 1.0, 1.0, 1.0, 1.0, 1.0, 1.0, 1.0, 1.0, 1.0, 1.0, 1.0, 1.0, 1.0, 1.0]
AVG = 1.0
Results for QUADRATIC_GROWTH with PARALLEL_SOMA_ALL_TO_ONE 30D algorithm:
[1.0000000000000253, 1.000000000000011, 1.000000000000009, 1.0000000000004214, 1.0000000000000115, 1.0000000000000044, 1.0000000000000067, 1.000000000000756, 1.0000000000000786, 1.0000000000000395, 1.000000000000009, 1.0000000000000189, 1.0000000000000062, 1.0000000000000218, 1.000000000000014, 1.000000000001198, 1.000000000000146, 1.0000000000000435, 1.0000000000000189, 1.0000000000000158, 1.0000000000000149, 1.000000000000027, 1.0000000000000127, 1.0000000000000104, 1.0000000000000102, 1.0000000000002054, 1.0000000000000147, 1.0000000000000087, 1.0000000000000249, 1.0000000000001188]
AVG = 1.00000000000011
Results for QUADRATIC_DECAY with PARALLEL_SOMA_ALL_TO_ONE 30D algorithm:
[-299998.99999999953, -299998.9999999978, -299998.99999999866, -299998.99999999953, -299998.9999999967, -299998.9999999977, -299998.9999999994, -299998.9999999993, -299998.9999999978, -299998.9999999994, -299998.9999999958, -299998.9999999993, -299998.9999999977, -299998.99999999907, -299998.9999999959, -299998.9999999988, -299998.99999999866, -299998.9999999989, -299998.9999999977, -299998.99999999866, -299998.9999999988, -299998.9999999992, -299998.99999999854, -299998.9999999983, -299998.99999999953, -299998.99999999854, -299998.99999999854, -299998.9999999969, -299998.999999998, -299998.99999999854]
AVG = -299998.9999999983
Results for SQUARE_ROOT with PARALLEL_SOMA_ALL_TO_ONE 30D algorithm:
[1.085784328477249e-08, 7.317887867434023e-08, 1.3427332882868447e-07, 7.738464695103193e-08, 6.316947280777008e-08, 7.077540973151945e-08, 1.3497676843276487e-07, 1.1101007478548509e-08, 3.507941783000772e-08, 6.451402707329956e-07, 6.456547745786436e-09, 1.4387984669705967e-08, 7.564355845282941e-08, 1.4766480873839042e-08, 3.4645871322062526e-09, 9.761895363359827e-08, 1.5964207596104912e-08, 4.0156593437988474e-08, 1.3492586030734495e-08, 1.8528470317435076e-07, 1.7078999598699222e-07, 2.012882924495313e-08, 4.944263134123255e-07, 1.0769649273319965e-08, 1.1713281972921373e-08, 1.6424754987175147e-07, 7.530522139918526e-08, 2.4295635397115477e-08, 3.7236276866436016e-08, 3.077999920671083e-08]
AVG = 9.20955333377097e-08
Results for CUBIC with PARALLEL_SOMA_ALL_TO_ONE 30D algorithm:
[1.6156213879498832e-48, 3.2233950673570715e-48, 1.1879428299362196e-46, 1.960714407720972e-46, 1.5777721942876737e-46, 1.2889475529602295e-43, 1.636196014355674e-39, 4.164816728185928e-45, 2.926481099631062e-43, 1.091713278717089e-41, 2.53260270468668e-46, 5.509911430189893e-45, 3.1647362588336105e-48, 1.392620682542155e-44, 6.019147345315061e-47, 2.1082760120015377e-45, 4.633533233731276e-45, 1.2039266471358607e-37, 5.3996152549817273e-45, 8.901527434219946e-41, 3.519758479556595e-46, 2.0057185794872885e-39, 1.402289408518557e-47, 1.2437648317936188e-45, 8.797266476845653e-45, 1.256777823138002e-46, 4.638988056455322e-41, 9.401263990789111e-45, 1.3308444413931123e-46, 5.477939006139885e-39]
AVG = 4.3219772915880767e-39
Results for LOGARITHMIC with PARALLEL_SOMA_ALL_TO_ONE 30D algorithm:
[1.2612133559740983e-13, 7.593925488435783e-14, 3.508304757815433e-14, 4.4586556668936346e-13, 9.947598300640908e-14, 2.8599345114339943e-13, 5.972999872483164e-14, 1.6475709685435965e-13, 3.9923619965512657e-13, 3.1374902675902e-13, 2.1982415887577857e-14, 5.493383525843766e-13, 2.307043445170809e-13, 2.351452366155805e-13, 8.526512829120839e-14, 2.864375403532863e-14, 3.5991210012233556e-12, 3.199662756969189e-13, 2.57571741713033e-14, 1.1035616864773448e-13, 7.194245199570756e-14, 3.7303493627404566e-14, 7.993605777300808e-14, 6.17284001691568e-14, 1.145750161413096e-13, 1.4188650254708493e-13, 1.0036416142610912e-13, 1.4446221996412102e-12, 1.5898393712630977e-13, 4.09006162271824e-13]
AVG = 3.27752639842734e-13
Results for POWER with PARALLEL_SOMA_ALL_TO_ONE 30D algorithm:
[1.08006343573469e-42, 3.260270716388837e-52, 1.1158166197746841e-41, 8.335509001570296e-39, 5.785148410802138e-41, 1.035545559403019e-42, 2.867336719216797e-48, 2.2410135918126302e-46, 1.4061895560103234e-42, 5.599167160257811e-50, 3.529281807276818e-52, 9.854413890810743e-49, 2.1532130979772498e-42, 1.0210874254499903e-49, 2.489375697681439e-47, 1.968159303965856e-42, 1.443835238770455e-47, 1.652170317611839e-47, 1.8105608186531962e-41, 3.127274013537049e-44, 7.588579280801484e-45, 2.5539781965889274e-45, 4.762797157216183e-44, 1.0937261089930743e-41, 3.827737762389221e-46, 2.2321464136933135e-48, 8.540194152381396e-44, 2.3187254172571013e-44, 2.1077959548966185e-52, 5.442183300826789e-48]
AVG = 2.8138009996618484e-40
Results for REULEAUX_TRIANGLE with PARALLEL_SOMA_ALL_TO_ONE 30D algorithm:
[1.0000000000002527, 1.0000000000003326, 1.0000000000001918, 1.000000000000349, 1.00000000000015, 1.000000000000214, 1.0000000000000635, 1.0000000000002425, 1.000000000000357, 1.0000000000090687, 1.0000000000001732, 1.000000000000624, 1.00000000000006, 1.0000000000093854, 1.000000000000234, 1.0000000000197944, 1.0000000000007208, 1.0000000000001439, 1.0000000000223546, 1.0000000000120046, 1.0000000000000755, 1.0000000000003588, 1.0000000000002025, 1.0000000000001643, 1.0000000000007119, 1.0000000000000902, 1.000000000001462, 1.0000000000009766, 1.000000000000075, 1.0000000000000746]
AVG = 1.000000000002697
Results for DIRICHLET with PARALLEL_SOMA_ALL_TO_ONE 30D algorithm:
[-0.007317664567468272, -0.00950221661878354, -0.006430635712178807, -0.006701411235493877, -0.007670343372970394, -0.01079079384953424, -0.008488569447765219, -0.008058739804681378, -0.006701411235493907, -0.008966836140493286, -0.008488569447765208, -0.007670343372970466, -0.008488569447765163, -0.00848856944776522, -0.009502216618783539, -0.007317664567468606, -0.00848856944776522, -0.007670343372970461, -0.008488569447765193, -0.008488569447765219, -0.007317664567468688, -0.008058739804681383, -0.007317664567468695, -0.008058739804681185, -0.007317664567468695, -0.008058739804677336, -0.009502216618783543, -0.008966836140492871, -0.007670343372970465, -0.007670343372970467]
AVG = -0.00812198530751035
Results for LOGARITHMIC_GROWTH with PARALLEL_SOMA_ALL_TO_ONE 30D algorithm:
[1.540323424363756e-12, 6.905587213168235e-14, 3.9279690611230324e-13, 8.415490526658332e-14, 7.904787935330802e-14, 5.728750807065644e-14, 3.910205492729037e-13, 4.940492459580726e-13, 2.4380497620765464e-13, 9.645617637938707e-13, 1.6093792964953318e-12, 9.12603326241837e-14, 1.643130076445218e-14, 2.080557948147327e-13, 2.43005615629659e-12, 4.867217739955502e-13, 6.594724766273213e-14, 3.6859404417554516e-14, 5.750955267558146e-14, 2.2382096176440652e-13, 4.951594689828076e-14, 4.485301019485532e-14, 1.3966605649783495e-13, 5.826450433231124e-13, 2.309263891220059e-13, 4.478639681336879e-13, 9.892087149405252e-13, 1.498801083243849e-13, 8.857359290455576e-13, 1.1013412404280947e-13]
AVG = 4.390858047521653e-13
Results for LOGARITHMIC_DECAY with PARALLEL_SOMA_ALL_TO_ONE 30D algorithm:
[-6.3075929540366635, -6.307592954036674, -6.30759295403667, -6.307592954036675, -6.307592954036676, -6.307592954036672, -6.307592954036677, -6.30759295403667, -6.307592954036642, -6.307592954036676, -6.30759295403667, -6.307592954036675, -6.307592954036678, -6.307592954036674, -6.307592954036676, -6.307592954036677, -6.307592954036675, -6.307592954036677, -6.307592954036676, -6.307592954036673, -6.307592954036672, -6.307592954036676, -6.307592954036674, -6.307592954036668, -6.307592954036666, -6.307592954036675, -6.307592954036672, -6.307592954036677, -6.307592954036673, -6.307592954036676]
AVG = -6.30759295403667
Results for INVERTED_SINE with PARALLEL_SOMA_ALL_TO_ONE 30D algorithm:
[-0.9999999999987471, -0.9999999999998235, -0.9999999999999697, -0.9999999999965253, -0.9999999999985828, -0.9999999999999047, -0.9999999999764031, -0.9999999999963742, -0.9999999999999134, -0.9999999999999244, -0.9999999999994362, -0.999999999999979, -0.9999999999980477, -0.9999999999999675, -0.9999999999957211, -0.9999999999999815, -0.9999999999995293, -0.9999999999986543, -0.9999999999957093, -0.9999999999105076, -0.9999999999999998, -0.9999999999936051, -0.9999999999999954, -0.9999999999984214, -0.9999999999992053, -0.9999999999709488, -0.9999999999946433, -0.9999999999991823, -0.9999999999983723, -0.9999999999989218]
AVG = -0.9999999999939
