Results for IDENTITY with PARALLEL_SOMA_ALL_TO_ALL 2D algorithm:
[0.00013806705718321665, 0.0005724412053251373, 0.00013435009234930492, 0.04805469633192696, 0.15733805369376527, 0.4516994401158774, 0.01912874852529803, 0.46756640421958184, 0.7328514521030195, 0.06345525602219736, 0.052458607530838273, 0.15177499890682017, 2.0475756932028728e-06, 0.05746548289604341, 2.250481153600246e-06, 0.2206091042888717, 0.01289954371330763, 0.3790602248264821, 3.3182620430585465e-08, 0.47256360667509245, 0.08822214515029356, 9.302170497646056e-11, 0.0011197854045946192, 0.5583917096904656, 4.971982213123633e-05, 0.11967329149707967, 0.037092385695249405, 6.0943389111868285e-05, 1.1485600992273532e-09, 0.6192851521078301]
AVG = 0.15705566478139285
Results for LINEAR with PARALLEL_SOMA_ALL_TO_ALL 2D algorithm:
[1.696367141526467, 0.04727550504709626, 0.0004713181120511037, 0.33769353139706887, 3.970678340340103e-06, 0.48378048300562687, 9.184140371057883e-05, 1.2250721900950357, 0.48543544467076294, 0.0004904752866466887, 0.3681274788999266, 2.9229462387660656, 3.1250894469765518, 0.238952817511754, 0.047853906633710044, 2.386752336067115e-06, 0.6040229771839927, 0.05195280005439371, 0.1415777433294107, 0.5832840280585939, 0.15646110631301668, 0.0002892765955251945, 0.006365578513396578, 4.742226030721578e-13, 0.09543932748851797, 0.8626353432075933, 0.05571825571258329, 0.4993851923487376, 1.0652425926611104, 1.1532517459335623]
AVG = 0.5418426714721354
Results for PARABOLA with PARALLEL_SOMA_ALL_TO_ALL 2D algorithm:
[0.000858618107075614, 0.1968280421205039, 0.00024768343657850534, 0.2816558823065254, 4.784314142907793e-07, 1.2333569496906843e-06, 9.217816668374385e-06, 0.13138813983471406, 1.6140418050362148e-05, 5.001760930458515e-07, 4.52353045625344e-09, 0.00026147334192982817, 1.894166103405512e-09, 1.4556816071564687e-05, 0.18736864611222265, 0.00261644589629439, 0.0017404335125762672, 7.810910754327288e-24, 0.4625936074690419, 0.0005022660301768238, 1.725265447321107, 1.467220662830605e-07, 0.03091946084723819, 0.0009035024952555258, 0.03064685627325652, 0.008396673740911884, 2.0400922803359085e-08, 7.48512444538596e-08, 9.992977764274142e-07, 5.28480546048068e-17]
AVG = 0.10207455178501208
Results for SINUS with PARALLEL_SOMA_ALL_TO_ALL 2D algorithm:
[-0.999999457939631, -0.9999996359348973, -0.9999984942136043, -0.9999738069437607, -0.9999994869393383, -0.9999999715923458, -0.9999970827022943, -0.9999813120986313, -0.9999988150949483, -0.9999901193619352, -0.9999999479861931, -0.999977467677922, -0.9999999962322794, -0.9999954388329667, -0.9999974285771199, -0.999989343111986, -0.9999999964827391, -0.9999975607111118, -0.9999946569934584, -0.9999907699443437, -0.9998710332670298, -0.9999415228907821, -0.999999881863354, -0.9999999929551987, -0.9999993231572659, -0.9999962853088351, -0.9999984746284805, -0.999999958986994, -0.9998814651705332, -0.9999960819439714]
AVG = -0.999985493651465
Results for COSINUS with PARALLEL_SOMA_ALL_TO_ALL 2D algorithm:
[-0.9999963873386671, -0.9999985680955525, -0.9999992443355294, -0.999999691229524, -0.9999911052943902, -0.9999959629946856, -0.9999944394904994, -0.9999999813065845, -0.9999999960656318, -0.9999966550537837, -0.9999385919304716, -0.9999999571752354, -0.9999982784709295, -0.9999995856852647, -0.9999992035611349, -0.9999999362441827, -0.9999998974513828, -0.9999981756427266, -0.9999277454569381, -0.9999594398795494, -0.9999938452125249, -0.9999741713179009, -0.9999969336641816, -0.9999921891460147, -0.9999998431616308, -0.99996722640738, -0.9999952086640076, -0.9999903344358674, -0.9999981972331097, -0.9999996770556753]
AVG = -0.9999900156333654
Results for EXPONENTIAL_GROWTH with PARALLEL_SOMA_ALL_TO_ALL 2D algorithm:
[1.0017918997787354, 1.4206665439943176, 1.6350001001131087, 1.000080861111775, 1.000000028840909, 1.0000352061893558, 1.6328571870368083, 1.0007667115279233, 1.129818418990208, 2.506285954462482, 1.007846639192006, 1.0104755129775305, 1.0481509448833999, 1.0028930929555644, 1.0000015234311734, 1.000426602231209, 1.0001203191197958, 1.1008815122977837, 1.0000016352920638, 1.0000433541113058, 1.0175254983675524, 1.6076108365853774, 1.0000000000513567, 1.042957642484608, 1.4900694900217275, 1.0016352181736927, 1.0000852827728803, 1.4911228982012552, 1.1646390977821128, 1.0131574889587096]
AVG = 1.1775649167312243
Results for EXPONENTIAL_DECAY with PARALLEL_SOMA_ALL_TO_ALL 2D algorithm:
[2.6787349564089604e-43, 2.7129017269661542e-43, 2.6787349564108076e-43, 2.678734976029832e-43, 2.683273339154043e-43, 2.686830895699693e-43, 2.6788593797230465e-43, 2.678735122088842e-43, 2.6787349564618913e-43, 2.6787350630806264e-43, 2.6797482707493613e-43, 2.678746799113575e-43, 2.6787375975854785e-43, 2.6787349569203764e-43, 2.6787351422588624e-43, 2.6787349566960415e-43, 2.678748247193375e-43, 2.678734956406533e-43, 2.678734956406375e-43, 2.6787349586680866e-43, 2.7710177785809916e-43, 2.6787349564314943e-43, 2.6787349564062163e-43, 6.834540212792818e-43, 2.6787550854528598e-43, 2.7485383762745886e-43, 2.6787349717930666e-43, 2.6787349564062693e-43, 2.67873495644474e-43, 2.6787349564061637e-43]
AVG = 2.8242642473670393e-43
Results for SIGMOID with PARALLEL_SOMA_ALL_TO_ALL 2D algorithm:
[0.8156991328223474, 0.500000000221118, 0.749688475690789, 0.6446644726375179, 0.6713487104292318, 0.9580206936350326, 0.6686147851564166, 0.5621137308840923, 0.5693950465973405, 0.5017317003079911, 0.5528093731032444, 0.6975123509905272, 0.986086521077253, 0.5919134138649077, 0.655210426225464, 0.5041619440668761, 0.5006056569839531, 0.5245573608355417, 0.5001487170177951, 0.6915350378753053, 0.560062424823203, 0.6810264779813491, 0.525879882944612, 0.6332686523432538, 0.5870567947748453, 0.9994505643532934, 0.5038666046867462, 0.5000002198749064, 0.7286911750591734, 0.9293877279957389]
AVG = 0.6498169358419955
Results for TRIANGLE with PARALLEL_SOMA_ALL_TO_ALL 2D algorithm:
[-0.9984052294293129, -0.9996698206537928, -0.9968147570474315, -0.9952784459626933, -0.9988941539369733, -0.9932761945083541, -0.9980498472487653, -0.9942161875505207, -0.9990458412416956, -0.9993083009288313, -0.9978679529054162, -0.9987278474974346, -0.9913922311884278, -0.9987465948133831, -0.9955669280108594, -0.9984537761048884, -0.9958140847072912, -0.9997949096529553, -0.9923060290200709, -0.9985125368611989, -0.9999434148759434, -0.9994863825635818, -0.9980297782863232, -0.9960525938723492, -0.9987383010668296, -0.998297006073436, -0.9998227761643506, -0.9986733766523201, -0.9964128265482728, -0.9978758226509044]
AVG = -0.9974491316008203
Results for QUADRATIC_SINE with PARALLEL_SOMA_ALL_TO_ALL 2D algorithm:
[-1.2990367059745707, -1.299024861229967, -1.2990178916476385, -1.2989508375709864, -1.2987386870388642, -1.2990032204701918, -1.2990375650998003, -1.29897456523834, -1.2990328963603692, -1.2990307851473852, -1.299000234607362, -1.2989867218299724, -1.2990074174043265, -1.2990378348155096, -1.2990366149902552, -1.2989954722995518, -1.2990151985827267, -1.2990302929085873, -1.2988527173548645, -1.2976381712388074, -1.2990380914288884, -1.2990102504964633, -1.2988172003159133, -1.299038089276019, -1.2990380269005444, -1.2989707639636086, -1.2990356941682415, -1.2990160226134173, -1.2990236577129854, -1.29903808530926]
AVG = -1.298949152466514
Results for GAUSSIAN_BELL with PARALLEL_SOMA_ALL_TO_ALL 2D algorithm:
[0.0, 0.0, 0.0, 0.0, 0.0, 0.0, 0.0, 0.0, 0.0, 0.0, 0.0, 0.0, 0.0, 0.0, 0.0, 0.0, 0.0, 0.0, 0.0, 0.0, 0.0, 0.0, 0.0, 0.0, 0.0, 0.0, 0.0, 0.0, 0.0, 0.0]
AVG = 0.0
Results for SAWTOOTH with PARALLEL_SOMA_ALL_TO_ALL 2D algorithm:
[-0.9993309825219683, -0.9809771213255658, -0.9969971918812917, -0.9967773682266454, -0.9923404523246617, -0.9955594964242636, -0.9975425251295604, -0.9963853767354465, -0.9998939383191612, -0.9926707003912583, -0.9837537936027445, -0.9967018646601815, -0.9908312617914632, -0.9958060742284403, -0.9998627050676134, -0.9982956609574671, -0.9988786999415638, -0.9983157136713601, -0.9982642883412893, -0.998281915997751, -0.9970666308325491, -0.9882495252303016, -0.9999801552432359, -0.9960610596257027, -0.999900005308632, -0.9923626251091946, -0.9964743383939947, -0.988181397866768, -0.9993518479090824, -0.9969519224336558]
AVG = -0.9954015546497604
Results for TANH with PARALLEL_SOMA_ALL_TO_ALL 2D algorithm:
[0.999999797443178, 0.9417519777286358, 0.6448928838602045, 0.9999981492867308, 0.999999999999904, 0.9999999708612749, 0.9998954307188102, 0.7859609954111608, 0.9999746738253533, 0.9999435414716464, 0.0002485651532621516, 0.73329039264254, 0.9187787263340359, 0.998844655493097, 0.999999557409621, 0.9991350135767366, 0.9594047788421056, 0.998039865949627, 0.999899563592797, 0.9823106797687882, 0.9363871637666381, 0.9982566384962747, 0.9996140328746494, 0.9982672908724917, 0.9999999999712736, 0.7181498789399318, 0.9740869923604104, 0.3791296903236086, 0.10353367445261086, 0.9791007561139615]
AVG = 0.8682965112513785
Results for LOGISTIC_SIGMOID with PARALLEL_SOMA_ALL_TO_ALL 2D algorithm:
[0.5004615538149698, 0.7290782024589559, 0.5563001102404025, 0.5058942585004477, 0.7834802400086239, 0.5332145719840045, 0.8261574115711816, 0.7495889200438592, 0.6332380629674165, 0.5821986194493377, 0.7656324844895014, 0.8039894630670495, 0.876637367752619, 0.5034159670310862, 0.9985896014438586, 0.6633534790516229, 0.5000000005711142, 0.5000397148283462, 0.7082128666347002, 0.7672389641228891, 0.5038134097919422, 0.9969215153795999, 0.520426601329044, 0.5090319375690638, 0.5000002836293919, 0.7486997228805532, 0.5000000000058076, 0.5000444314476157, 0.956746681264208, 0.9427666959175801]
AVG = 0.672172437974893
Results for QUADRATIC_GROWTH with PARALLEL_SOMA_ALL_TO_ALL 2D algorithm:
[1.0, 1.1048792828065777, 1.0000000000000042, 1.0000472825362121, 1.0002612003199585, 1.0439966841120125, 1.0000000009870973, 1.0000000003856169, 1.0000000000310547, 1.0000000000000226, 1.1311039733200439, 2.457609037955633, 1.0003158223041264, 1.0, 1.04527983957009, 1.0032608929359437, 1.0001277184160053, 1.0000000000000826, 1.0046329028478385, 1.046220783195376, 1.0015792300068878, 2.866409558772805, 1.0000000000733225, 1.000860120601102, 1.0000093037040916, 1.0498849081458586, 1.0001078788556532, 1.0000104787701714, 1.0001306678796495, 5.566963247860013]
AVG = 1.2774563605464417
Results for QUADRATIC_DECAY with PARALLEL_SOMA_ALL_TO_ALL 2D algorithm:
[-19998.999999999985, -19998.999999999993, -19998.835439925522, -19998.928812610968, -19996.174282687414, -19998.999999879732, -19998.99999999694, -19992.86670780632, -19998.88182317395, -19998.4297842237, -19998.93909044322, -19998.99998572055, -19998.999972126607, -19967.169784825262, -19992.6524210016, -19998.999999999985, -19998.9926943014, -19988.31417349636, -19998.43879461644, -19998.92827307284, -19998.999994989525, -19551.285906018977, -19998.999999987493, -19998.999242844304, -19998.999999996955, -19998.86874118516, -19945.58283177822, -19998.999999999865, -19998.999999999978, -19998.99999998385]
AVG = -19980.309625223104
Results for SQUARE_ROOT with PARALLEL_SOMA_ALL_TO_ALL 2D algorithm:
[0.13540218130859816, 0.13733557589795337, 0.1385169996253037, 0.29532028473662264, 0.09854405001670762, 0.23956327697969404, 0.38230519865302065, 0.10785995958652801, 0.26912802456436263, 1.2487312998586881, 0.017704259399295763, 1.095987038875787e-05, 0.5230434931902262, 0.5071787616863852, 0.5207324471705846, 0.005805045288901873, 0.01396473506716281, 1.3156897023843923, 0.7532801203794464, 0.6043680197547845, 0.581276222473857, 0.004611434033240198, 0.00695353258008527, 0.09860951324075543, 0.012985981285050846, 0.4417751302093419, 0.43914202379445744, 0.021868020070096493, 9.359625696751334e-07, 0.1563283580894044]
AVG = 0.30260118490526344
Results for CUBIC with PARALLEL_SOMA_ALL_TO_ALL 2D algorithm:
[2.330118931005856e-06, 1.6483478675765273e-06, 0.0003425124357541426, 2.870750810081806e-07, 0.0009405819630762179, 0.0009295715810848336, 7.722933740662125e-09, 0.00021315612198385394, 0.5730026298155086, 0.17557135126966444, 2.6743251357104914e-05, 0.03569924312566524, 1.0142037131942303e-08, 0.14053899771223105, 2.6132473261201176e-23, 0.033323363236388674, 4.490349746265095e-08, 8.861527669274009e-19, 0.041563825766093486, 0.0013905649761183669, 2.594444081676551e-24, 2.6445271856857825e-07, 1.246044877096787e-09, 5.960723605369474e-07, 3.3990616144412153e-07, 4.1330304530056755e-12, 0.004441514776685408, 0.249501648341701, 0.0001761964113466095, 0.0022604227640406825]
AVG = 0.041997595118015534
Results for LOGARITHMIC with PARALLEL_SOMA_ALL_TO_ALL 2D algorithm:
[0.027358679365237, 0.9573123706595251, 0.00026177356258719707, 0.22038165778122287, 0.0005183542690988143, 0.059776491552154726, 6.752797631585607e-09, 0.12672789703284412, 0.015366976002273386, 0.023601690494689267, 0.5983404887787213, 3.599647914903375e-08, 0.27005191927148775, 0.0120584242473152, 0.013594715580253568, 0.1702218069812165, 0.0005368532458991722, 0.28069694154932934, 0.12566074960401039, 0.9752200430762821, 1.4550359558652858e-06, 2.0775684734366023e-08, 0.08887963528324291, 0.02767744580437051, 1.0358603391169569e-05, 0.013263326081523214, 0.007035559304520359, 3.6364602671561974e-05, 0.00015803558542946177, 0.1526199776658833]
AVG = 0.13891233515153656
Results for POWER with PARALLEL_SOMA_ALL_TO_ALL 2D algorithm:
[0.043509254850059666, 1.133113382357491e-05, 2.028061538569521e-10, 0.26042765172680477, 7.199921293759158e-22, 0.0005583440399686202, 0.016639086330117007, 2.1353055606408316e-05, 4.0061198287561624e-05, 0.25542297208384146, 2.0373959527796474e-16, 39.08843879150789, 0.009098420395531964, 1.542456078376084e-08, 4.65640206294295e-16, 0.00012804691305316892, 0.10888366858556887, 4.523839945624434e-06, 5.31438247622305, 0.057126945145684595, 8.454002437007166e-15, 0.18484348750096988, 6.307171906183825e-25, 8.43486909395313e-28, 0.6521111322051069, 3.118412128232398e-05, 5.192901655138927e-14, 0.0007148623300021656, 0.13253417335256903, 6.265634221673469e-31]
AVG = 1.5374975927388863
Results for REULEAUX_TRIANGLE with PARALLEL_SOMA_ALL_TO_ALL 2D algorithm:
[1.041982650623798, 1.2879893402748133, 1.0962310141879343, 1.4673208317993103, 1.0080543408733496, 1.0005035465409025, 1.5558343289962155, 2.0894396253066834, 1.0128236861564632, 1.3371439843091486, 1.6164763228422672, 1.0340511660805634, 1.0048931006961421, 1.0600156263996112, 1.0007874048532766, 1.022952627673893, 1.1674294623424366, 1.0000077222742214, 1.219555032461558, 1.0608388246983003, 1.0145101158891836, 1.0090157259186254, 1.0519609180337466, 1.0000000058745524, 1.0112906191972826, 1.0000001855546872, 1.000004896791046, 1.0109648909812776, 1.0033660967574316, 1.3436447233715576]
AVG = 1.150969627258676
Results for DIRICHLET with PARALLEL_SOMA_ALL_TO_ALL 2D algorithm:
[-0.1727729714730014, -0.21723079837061332, -0.21670106240546996, -0.21719741059670994, -0.21719724711849958, -0.21722055813239322, -0.0903889056914268, -0.21721442940596775, -0.2150708380610106, -0.21610660935722817, -0.21723362751507827, -0.21362796792540073, -0.21718825951657475, -0.057968713006185425, -0.11394740975436962, -0.15211812858510637, -0.18778502792289445, -0.21714419881467467, -0.21723362644274494, -0.21398966060870253, -0.21723215642016952, -0.21723362703820004, -0.20635481320405943, -0.21721730620196678, -0.21723120580418437, -0.21723256869830057, -0.21723362741282576, -0.196121946587308, -0.16572030226580778, -0.20825851894368305]
AVG = -0.19617245077601858
Results for LOGARITHMIC_GROWTH with PARALLEL_SOMA_ALL_TO_ALL 2D algorithm:
[0.0008834531437656393, 0.09183700802802437, 0.18402437055715123, 3.2720361921904603e-09, 0.0007270605212605707, 0.6521094808941404, 3.796647877760984e-09, 0.03294355419768597, 0.041074242711201366, 0.031078240599340917, 0.09623143732170553, 0.5409746140053254, 0.16569465702076197, 0.009485108238168534, 0.0748954704587752, 0.12809422887541505, 0.04929207941868, 0.4320111549509135, 0.2758637934462605, 1.8978848534725125e-08, 0.18830457239085446, 0.22196299193748037, 0.19490848947154, 0.010847488711159663, 0.01915945755667538, 0.2185644709207715, 0.0007670261725373236, 0.0002306402727049916, 0.442711156261454, 0.24593011088887537]
AVG = 0.14502021283400537
Results for LOGARITHMIC_DECAY with PARALLEL_SOMA_ALL_TO_ALL 2D algorithm:
[-4.95878994803386, -4.95878996069358, -4.95878996050462, -4.956651681950258, -4.958789961309574, -4.958789961309573, -4.9585820622642895, -4.958789961309564, -4.958789961309574, -4.958789959018672, -4.958637766789186, -4.958789961278531, -4.958789961309568, -4.958789945568407, -4.95878993098232, -4.958789961309298, -4.958645295273891, -4.95878326497207, -4.95877480217288, -4.958459479597246, -4.958789863731996, -4.958789954797953, -4.958789961309574, -4.958789961309558, -4.958788998019731, -4.958789961302869, -4.958789961309573, -4.9587899613095745, -4.956825333464379, -4.958789961308769]
AVG = -4.958624590160698
Results for INVERTED_SINE with PARALLEL_SOMA_ALL_TO_ALL 2D algorithm:
[-0.9999952384401419, -0.9999846332069354, -0.9999950724049469, -0.9999981342321721, -0.9999796123030127, -0.9999992572618477, -0.9999999784540651, -0.9999975635461323, -0.9999986738604043, -0.9999657426667147, -0.9999820885402924, -0.9999967565874245, -0.9999995347126787, -0.999986447997466, -0.9999560083104324, -0.9999784759473418, -0.9999973644977453, -0.9999768119655972, -0.9999715247394916, -0.9999882488320938, -0.9999527556895261, -0.999974949061232, -0.9999992410337746, -0.9999999999286376, -0.9999999978771805, -0.9999928312756956, -0.999929558939181, -0.9999969044747488, -0.9999981442488526, -0.9999958309938264]
AVG = -0.9999862460676529
