Results for IDENTITY with PARALLEL_SOMA_ALL_TO_ALL 10D algorithm:
[4.623107791727256e-07, 1.1576944802781096e-09, 0.00026945132175436564, 0.000360325819029271, 11.259994484212308, 3.5100945368688403e-29, 0.3219344286831545, 1.1989604108009537e-09, 1.6573992356789364, 2.328431648440573e-05, 1.4165302943542248e-19, 5.1249128894882965, 1.609863252937559e-05, 2.9447890618768553e-22, 3.5028956842540873, 1.0243791432590278e-07, 8.8075460101374e-19, 4.9584454137380236e-08, 3.176175086676524e-14, 0.0007304047040098407, 6.564063337562403, 2.9716297465549117, 2.8841746198260553e-07, 2.962978248889878, 3.266752192894597e-09, 7.525355814733363e-15, 0.0003357926965992075, 1.2611310458624183e-18, 0.3854018508920406, 0.0005178686635781309]
AVG = 1.1584488013581349
Results for LINEAR with PARALLEL_SOMA_ALL_TO_ALL 10D algorithm:
[1.462460208624751e-08, 1.287295025195018e-06, 5.010457361636961, 0.04363461827032696, 14.585881378511766, 2.750563545484314, 2.5908357049479753e-22, 4.002815920864551e-12, 8.54763938443028, 2.857073716196052e-21, 1.647101332772996e-09, 3.467206754613367e-05, 0.26236470647073773, 0.0010971786360163133, 2.297950923747042e-12, 0.00022523930214409402, 7.267435241149052e-08, 0.009993622987155434, 0.17109985443142378, 0.39679272739048327, 0.15224324823942648, 1.6275631674061017, 1.007005992484426e-09, 1.4419127760927526, 8.360177186444181e-20, 8.835598535431307e-09, 5.751689694848597e-09, 10.035364541348281, 1.2715269818268692e-23, 1.759544833728182]
AVG = 1.5598804749425192
Results for PARABOLA with PARALLEL_SOMA_ALL_TO_ALL 10D algorithm:
[4.593009911689011e-05, 1.0197783229002224e-35, 9.901549222939208e-06, 0.01215719482707858, 7.93281966778083e-80, 1.3208066792113427e-12, 2.0987420139787495e-27, 5.738685007506988e-16, 2.353970977624677e-20, 2.992404842450986e-11, 10.84181686001248, 27.765959459900248, 2.4386439262924487e-44, 0.737669660438875, 1.0491057135237926e-12, 8.244839298488838e-06, 1.3870983816966555e-09, 9.695007910451778, 3.95260861459068e-15, 2.5875060104252497e-27, 2.099846634449439e-10, 2.8503151230015816e-08, 2.7052836287971624, 6.080103749734399, 4.485210881038164e-09, 1.561944762347208e-22, 5.476278724391638e-74, 5.615083782583458e-49, 1.8550778445761866, 0.26884453958883753]
AVG = 1.9987328319810809
Results for SINUS with PARALLEL_SOMA_ALL_TO_ALL 10D algorithm:
[-0.9999999999724012, -0.9999999999255358, -0.9999999999813218, -0.9999999999996316, -0.9999999999949865, -0.9999999998989306, -0.9999999997669972, -0.9999999999957203, -0.9999999999998036, -0.9999999999084197, -0.9999999999818041, -0.9999999999995324, -0.9999999999900764, -0.9999999999843873, -0.9999999999820256, -0.9999999998162977, -0.9999999999968756, -0.99999999999726, -0.9999999999981899, -0.999999999998873, -0.9999999999979043, -0.9999999999995197, -0.9999999999879104, -0.9999999997558942, -0.9999999998917772, -0.9999999999718024, -0.9999999999805251, -0.9999999999219579, -0.9999999999984849, -0.9999999999902855]
AVG = -0.9999999999561712
Results for COSINUS with PARALLEL_SOMA_ALL_TO_ALL 10D algorithm:
[-0.9999999999999414, -0.9999999999999729, -0.9999999999831852, -0.9999999999637459, -0.9999999999467799, -0.9999999998433372, -0.9999999999986257, -0.9999999999672695, -0.9999999999197282, -0.9999999999993471, -0.9999999999262444, -0.9999999999573296, -0.9999999994418078, -0.9999999998670632, -0.9999999999669892, -0.9999999999849195, -0.9999999999942115, -0.9999999999668738, -0.9999999998921342, -0.999999999857231, -0.9999999999993633, -0.9999999999950979, -0.999999999997225, -0.9999999999318141, -0.9999999999985405, -0.9999999999940065, -0.9999999999996039, -0.999999999999554, -0.9999999999997696, -0.9999999999723962]
AVG = -0.9999999999454702
Results for EXPONENTIAL_GROWTH with PARALLEL_SOMA_ALL_TO_ALL 10D algorithm:
[1.0013708065449176, 1.0000000000000022, 1.0000304426099056, 1.5269814549077825, 1.0000000120144095, 1.0000000000003155, 2.2673413444068324, 1.0000000000000144, 1.0042083197731573, 1.0167094563208614, 1.0000000000000557, 1.0000000000000546, 1.0000000000018585, 1.0000000000615326, 3.0817560342899526, 1.0000000034833958, 1.0598699105337408, 1.0000000000000384, 1.0000000000000033, 1.0000016314029987, 1.000000000000004, 14.566863597128068, 32.26433375508018, 4.86169147238655, 1.0000572361858675, 1.0000000000000024, 1.000645588987197, 1.0000000081675573, 1.0096858491951222, 14.282492245905924]
AVG = 3.19813463897961
Results for EXPONENTIAL_DECAY with PARALLEL_SOMA_ALL_TO_ALL 10D algorithm:
[6.396720323507888e-96, 6.396714493281161e-96, 6.396714494802703e-96, 6.396724476284369e-96, 6.4121013222892195e-96, 6.397054316888229e-96, 6.396729798211195e-96, 6.396714493678622e-96, 3.214334554040424e-94, 6.396726360056494e-96, 6.39672743483268e-96, 6.444171059145839e-95, 6.396714493035678e-96, 6.396714493031897e-96, 6.396714493032653e-96, 8.91115631671574e-96, 6.396714493032906e-96, 6.397608677108571e-96, 6.396714493135233e-96, 6.396714493033662e-96, 6.39671557798633e-96, 8.021266332018503e-96, 6.3968616636637376e-96, 6.397344199432572e-96, 6.39671449304954e-96, 6.396714496996676e-96, 1.6648760324849864e-95, 6.3967144959958415e-96, 6.504486263581735e-96, 6.396714493989131e-96]
AVG = 1.9316647926767462e-95
Results for SIGMOID with PARALLEL_SOMA_ALL_TO_ALL 10D algorithm:
[1.0, 1.0, 1.0, 1.0, 1.0, 1.0, 1.0, 1.0, 1.0, 0.9999999999999916, 0.9999999999997935, 1.0, 1.0, 1.0, 1.0, 1.0, 1.0, 1.0, 1.0, 1.0, 1.0, 1.0, 1.0, 1.0, 1.0, 1.0, 1.0, 1.0, 1.0, 1.0]
AVG = 0.9999999999999929
Results for TRIANGLE with PARALLEL_SOMA_ALL_TO_ALL 10D algorithm:
[-0.999987000688833, -0.9999973384894929, -0.9999989640658526, -0.9999985126433444, -0.9999988326656819, -0.9999989447670998, -0.9999998836353257, -0.9999995783742435, -0.9999972836185123, -0.9999944016513496, -0.9999897240863618, -0.999999772128632, -0.999993558922398, -0.9999927265949111, -0.999990890669963, -0.9999955898481545, -0.9999907080881485, -0.9999955470690622, -0.9999985251128862, -0.9999928407890906, -0.9999977238146016, -0.9999982186366765, -0.9999996321735978, -0.9999993869800221, -0.9999976334888743, -0.999999044728753, -0.9999939337918988, -0.9999845961445146, -0.9999975131932359, -0.9999926369463594]
AVG = -0.9999956981269292
Results for QUADRATIC_SINE with PARALLEL_SOMA_ALL_TO_ALL 10D algorithm:
[-1.2990381056756326, -1.299038105548764, -1.2990381056427842, -1.2990381054690672, -1.2990381055761917, -1.2990381052531628, -1.2990381055307434, -1.299038105412666, -1.2990381056548166, -1.2990381056695437, -1.2990381056685614, -1.2990381055220528, -1.2990381056168587, -1.2990381056766367, -1.2990381056766531, -1.2990381056761262, -1.299038105607997, -1.2990381055799445, -1.2990381055722948, -1.2990381047111312, -1.299038105667091, -1.299038105655843, -1.29903810567213, -1.2990381056015008, -1.2990381055986822, -1.2990381056642648, -1.299038105675614, -1.2990381056710376, -1.2990381056738345, -1.2990381056746574]
AVG = -1.2990381055765428
Results for GAUSSIAN_BELL with PARALLEL_SOMA_ALL_TO_ALL 10D algorithm:
[0.0, 0.0, 0.0, 0.0, 0.0, 0.0, 0.0, 0.0, 0.0, 0.0, 0.0, 0.0, 0.0, 0.0, 0.0, 0.0, 0.0, 0.0, 0.0, 0.0, 0.0, 0.0, 0.0, 0.0, 0.0, 0.0, 0.0, 0.0, 0.0, 0.0]
AVG = 0.0
Results for SAWTOOTH with PARALLEL_SOMA_ALL_TO_ALL 10D algorithm:
[-0.9999963664054974, -0.9999984652520197, -0.9999986370068257, -0.9999959221655388, -0.999997266743037, -0.9999964168692941, -0.9999947535297338, -0.9999968442078284, -0.9999976042471133, -0.9999992779988247, -0.999998864780764, -0.999993343907704, -0.999995499726424, -0.9999954684765839, -0.9999915135708761, -0.9999960397176437, -0.9999981716199215, -0.9999914220003348, -0.9999970828933442, -0.9999970991338216, -0.9999993465401644, -0.9999971508242993, -0.9999858830262838, -0.9999988633427392, -0.9999985469826242, -0.9999862040360767, -0.9999997401407086, -0.9999930635960652, -0.9999934162965474, -0.9999917361850521]
AVG = -0.9999956670407897
Results for TANH with PARALLEL_SOMA_ALL_TO_ALL 10D algorithm:
[1.0, 1.0, 1.0, 1.0, 1.0, 1.0, 1.0, 1.0, 1.0, 1.0, 1.0, 1.0, 1.0, 1.0, 1.0, 1.0, 1.0, 1.0, 1.0, 1.0, 1.0, 1.0, 1.0, 1.0, 1.0, 1.0, 1.0, 1.0, 1.0, 1.0]
AVG = 1.0
Results for LOGISTIC_SIGMOID with PARALLEL_SOMA_ALL_TO_ALL 10D algorithm:
[1.0, 1.0, 0.9999921138141675, 1.0, 1.0, 1.0, 1.0, 1.0, 1.0, 1.0, 1.0, 1.0, 1.0, 1.0, 1.0, 1.0, 1.0, 1.0, 1.0, 1.0, 1.0, 1.0, 0.9999999999964069, 1.0, 1.0, 1.0, 1.0, 1.0, 1.0, 1.0]
AVG = 0.9999997371270192
Results for QUADRATIC_GROWTH with PARALLEL_SOMA_ALL_TO_ALL 10D algorithm:
[1.0000000000000004, 1.0000000000000113, 1.0000000000000002, 17.25081093257622, 1.0000000000001084, 1.4865842694588929, 1.0000000000000004, 1.0000000000000009, 1.000000128920811, 4.757641449764523, 1.0000000000000437, 1.0000000000073712, 6.996395339856875, 1.0000000000000013, 3.3158989053207484, 1.000157283213609, 1.1351486639114106, 1.0000016921851496, 1.0000000000000098, 1.000000000000001, 1.0000000000000029, 1.0000000000000018, 1.0000000000000102, 1.0000235918546931, 1.0000006741532983, 1.0000000000000027, 1.201995599424309, 3.4101965237375347, 2.3410584261428915, 1.0000000000000013]
AVG = 2.096530449350951
Results for QUADRATIC_DECAY with PARALLEL_SOMA_ALL_TO_ALL 10D algorithm:
[-99972.90441562564, -99998.8697094573, -97903.65123091952, -99998.99999865887, -99990.16267770487, -99998.99984873057, -99998.9999999311, -99998.99999999696, -99998.52249802821, -99994.82425035407, -99998.84782472046, -99998.98608100775, -99998.99999954685, -99998.99999995173, -98055.76101528318, -99998.99997142858, -99998.88927247172, -99950.49973733602, -99998.83408433109, -99998.99999997212, -99998.55038427748, -99998.9997936262, -99972.504840862, -99998.99985828531, -99998.99999995471, -93363.56312949596, -97005.75357625996, -99998.99641097408, -99934.9857917618, -99947.92936905957]
AVG = -99535.73452566713
Results for SQUARE_ROOT with PARALLEL_SOMA_ALL_TO_ALL 10D algorithm:
[0.6215627984273184, 0.6705419334571692, 7.129804278116797e-23, 1.0593406136270425, 0.7140114008353191, 1.3709111011487636, 2.9801985296196304e-14, 0.007668973365859469, 1.6852726549203225, 1.7830896871131865, 0.0033101078332101615, 1.0986887032514718e-05, 0.09153670853585025, 0.23277962376860595, 1.4847132620326282e-09, 2.5631278750654496, 0.005819500409724968, 0.29252437818142274, 1.0266315781436948, 0.37313285179848255, 0.3915947228345594, 1.2749555260226213, 0.3969234624634974, 4.124113030649555e-13, 0.6276544967018295, 1.3737077300159701, 2.209722108078066, 0.023651619416293432, 8.232529883120932e-06, 1.4334230974429798]
AVG = 0.6744304590169768
Results for CUBIC with PARALLEL_SOMA_ALL_TO_ALL 10D algorithm:
[9.082735210297836e-16, 13.600836485178219, 2.1650771955787309e-10, 485.44700576043005, 9.35462544286917e-19, 0.9458843571421419, 124.55670413115469, 3.962775226258922e-07, 9.95620800819601e-16, 29.765999256694634, 1.9331779233688967e-81, 0.04664953036164045, 3.0232849140991697e-77, 3.3085396938505254e-12, 1.1344070224128628e-87, 5.954710640183793e-53, 4.377733572117614e-28, 8.575545587183978e-05, 0.07602133993376742, 111.87394109212731, 1.593052064689799e-63, 5.052530285072068e-35, 1.3634902316776689e-50, 6.163893833721554e-72, 4.446240930006485e-61, 1.2687596212632601e-30, 2.113149436165383e-24, 1068.342672427761, 3.6351703946074796e-30, 1.208534757960695e-26]
AVG = 61.15519335109123
Results for LOGARITHMIC with PARALLEL_SOMA_ALL_TO_ALL 10D algorithm:
[2.9764257720732667e-10, 0.13498340028149888, 1.0873386999085615, 1.6413663805546255, 2.2204460492503107e-15, 1.3544720900426818e-14, 0.00012465819139759657, 1.443289932012693e-14, 0.0012362399038407742, 1.0667410199591103, 1.6826064969062953e-07, 1.1307770835404956e-07, 1.465494392505196e-14, 0.05605290122079876, 4.193889679894078e-11, 5.960880579403465e-05, 4.05043859132282e-08, 0.07207403188648584, 6.794564910705727e-14, 0.012487367717038327, 1.7263529566605913, 5.492539756195719e-11, 2.2204460492503107e-15, 1.150191053511596e-13, 9.597197985145438e-05, 1.2164325855427662, 0.0001693709827995526, 1.9101583164505065, 5.7731597280507974e-15, 1.8279378011076285e-11]
AVG = 0.2975224610767144
Results for POWER with PARALLEL_SOMA_ALL_TO_ALL 10D algorithm:
[1.8311135923064704e-29, 5.020381207691629e-34, 129.88378049146667, 132.12268346258742, 4.120909906534717e-06, 8.638960298208594e-32, 5.700585554603148e-34, 9.869973180612804e-49, 1.780728873483545e-11, 4.768661987318517e-71, 9.254869651759552e-44, 23.192725638923758, 13.876988475844309, 0.03615022553383449, 0.1981907067041261, 0.0007776859680754542, 1.6965403643317263e-33, 1.062817289890747e-14, 1.8338768351465047e-14, 0.001053390238371855, 9.209992724121314e-11, 1.578743579415377e-39, 2.44121480422409e-61, 3.76290077319038e-05, 1.0163160133765963e-47, 0.022557160255967032, 3.349292977469186, 1.4105896148774466e-08, 1.273477356398668e-10, 3.9247076155034933e-16]
AVG = 10.08947473264175
Results for REULEAUX_TRIANGLE with PARALLEL_SOMA_ALL_TO_ALL 10D algorithm:
[4.211332171478624, 1.0002652440425175, 4.111280327502944, 5.632096810363521, 3.112606844128255, 1.000015003422107, 3.1067037862928473, 1.0017228685305026, 1.2286634887467405, 7.323610382161469, 1.0000099204695099, 1.0000000002668408, 9.08352378885628, 3.4012092812362145, 1.0000000000006564, 2.0818450673176914, 3.5790757579591777, 1.559252258313947, 1.0205446153804254, 1.000000000001192, 1.0000000427522626, 1.000000286564597, 1.0013798036804937, 4.696199219764299, 1.17118884532134, 2.9746446548352883, 1.000000000006544, 1.5141989070757393, 1.0000000000000746, 4.735974179661128]
AVG = 2.5515781185377744
Results for DIRICHLET with PARALLEL_SOMA_ALL_TO_ALL 10D algorithm:
[-0.057971793916779334, -0.04811064654883136, -0.05796882808947959, -0.09132011777588712, -0.09043734545292655, -0.08684059545287409, -0.04246846558422978, -0.041723434020990734, -0.05795985588156597, -0.042365251694766466, -0.05794234689361936, -0.09132507616404072, -0.09132436076701356, -0.04247851890665968, -0.05797178771982325, -0.042464303912280434, -0.04247957996543763, -0.08788930980357455, -0.05781237601546233, -0.07711610466469658, -0.057636323596044106, -0.09054281446412123, -0.057691650777488446, -0.09091861156514312, -0.057970229360570086, -0.03315569436246847, -0.04200733105016373, -0.091235016547186, -0.05675130591474582, -0.09132519095067944]
AVG = -0.06450680892731832
Results for LOGARITHMIC_GROWTH with PARALLEL_SOMA_ALL_TO_ALL 10D algorithm:
[0.0007575139282843734, 3.996802888650556e-15, 0.1340304104784578, 2.664535259100372e-15, 1.2756687924021073, 0.5821666723847179, 4.218847493575586e-15, 7.327471962525764e-14, 3.6747371606413554e-06, 8.708411769096606e-11, 0.0003826346583621876, 0.16517344728075015, 0.004268498230013227, 0.0001486125423061956, 3.6775975319486544e-07, 0.00012293245593939046, 0.6264519287038675, 1.6569070326632087, 1.5271404884763888e-07, 4.1966430330830034e-14, 4.884981308350677e-15, 5.995204332975827e-15, 3.706324136418953e-11, 1.7203707414215264, 1.2967404927620988e-13, 0.26835066145583863, 3.774758283725525e-15, 6.246680228706504e-06, 1.7763568394002489e-15, 0.5697015548484621]
AVG = 0.23348372918231508
Results for LOGARITHMIC_DECAY with PARALLEL_SOMA_ALL_TO_ALL 10D algorithm:
[-5.756766722299227, -5.759619636435816, -5.759620020661224, -5.759620020235653, -5.759504783953858, -5.759620020661229, -5.759620020578084, -5.7596200205975325, -5.759620020407976, -5.759619733795876, -5.759620020660832, -5.759620020652048, -5.759620020661045, -5.759620020660559, -5.759565240541378, -5.759620020661007, -5.759620020661258, -5.759620020483778, -5.759620020661242, -5.759620020661263, -5.759619999206929, -5.759620020658255, -5.759529723830362, -5.759620006205267, -5.759152787978848, -5.756908002612779, -5.759619988627541, -5.759463383465762, -5.759620020661184, -5.759463012130191]
AVG = -5.759399779043601
Results for INVERTED_SINE with PARALLEL_SOMA_ALL_TO_ALL 10D algorithm:
[-0.999999999998862, -0.999999999991902, -0.9999999996158514, -0.9999999999998104, -0.9999999999995994, -0.9999999997729271, -0.9999999999526547, -0.9999999997319292, -0.9999999999996683, -0.9999999999996406, -0.9999999998223608, -0.9999999999787567, -0.9999999999904853, -0.9999999999967389, -0.9999999997466447, -0.9999999999907269, -0.9999999999999177, -0.999999999984954, -0.9999999999974155, -0.9999999999851025, -0.9999999999752737, -0.9999999999997692, -0.999999999976141, -0.9999999997648592, -0.9999999998913417, -0.9999999999800632, -0.9999999999958682, -0.9999999999430746, -0.999999999975632, -0.9999999999415213]
AVG = -0.9999999999333162
