Results for SCHAFFER_F7 with PARALLEL_SOMA_ALL_TO_ONE 30D algorithm:
[127.93513081560315, 127.93513081564363, 143.91061092146117, 143.91061092146154, 143.91061092146367, 127.93513081560364, 143.91061092146091, 88.31642252722398, 113.41093845855765, 161.44351737100678, 161.44351737100692, 143.91061092146091, 143.9106109214606, 161.44351737100916, 127.93513081560481, 143.91061092146091, 161.44351737100672, 143.91061092146063, 143.91061092146137, 127.93513081560327, 113.41093845855771, 127.93513081560307, 143.91061092146083, 143.91061092146077, 127.93513081560356, 88.31642252721866, 127.93513081560317, 161.4435173710067, 143.91061092146128, 127.93513081560319]
AVG = 136.30052724082003
Results for GRIEWANK with PARALLEL_SOMA_ALL_TO_ONE 30D algorithm:
[0.27410243939453205, 0.19624079254480753, 0.024590437451963765, 0.014772407723217085, 0.01722629385972707, 2.5757174171303632e-14, 0.14173929550959607, 0.00739604033413932, 0.1813511474430093, 0.03939961733682684, 0.014779776754914264, 0.022185660857277134, 2.731148640577885e-14, 1.1801670751765414e-13, 0.05904049969389091, 0.20264557022614083, 0.02214143864457363, 7.460698725481052e-14, 0.01968999800485638, 0.017236111917688368, 0.007396040334133991, 0.007396040334123333, 0.23919869753873435, 0.12747614850363964, 0.3316065559983189, 0.1764152052228537, 0.056323268199255816, 0.05625049996176812, 0.039362842516550756, 0.009864672061029922]
AVG = 0.07686091661226051
Results for LEVY with PARALLEL_SOMA_ALL_TO_ONE 30D algorithm:
[1973.0926988360966, 2675.413351729681, 2243.4246902194395, 2107.83130439664, 2380.45934778137, 3604.126175458684, 1344.1381977343037, 2101.156870485815, 2364.979508275986, 2988.102818223633, 1436.8522115689134, 1444.497051103148, 1492.1211695015938, 1832.3720360112195, 2201.357457743238, 1623.681433418346, 2002.4629589445444, 1023.6554295464737, 2682.364610691467, 3493.0264402935723, 2513.661946928594, 2125.3709727789947, 3987.51720393282, 2621.3946018875513, 1974.9332062112676, 1337.5113590443411, 2191.0354776209447, 2440.0086948288367, 1525.700863116705, 1718.6576676597701]
AVG = 2181.696925199133
Results for EGGHOLDER with PARALLEL_SOMA_ALL_TO_ONE 30D algorithm:
[-2109.387583694948, -1967.656166794195, -1910.6892213146446, -2036.1084771372584, -2006.9577262052824, -2068.310899854506, -1967.8041857107778, -2360.270023124284, -1409.0328176597466, -1895.0190119310182, -2022.0882401839647, -1936.035574746742, -1955.5643432462043, -1817.0761377458653, -2473.1419801176703, -2213.3995250976795, -2329.7759594151967, -2509.312990060454, -3234.986135449722, -1775.9089905055416, -1961.9795473967397, -2347.001357680476, -2504.421957638529, -2392.0023691360093, -2203.48589487914, -2576.441945244948, -1921.7913213849433, -2730.147880129933, -1916.1276009002656, -1973.6977069433901]
AVG = -2150.854119044336
Results for ROSENBROCK with PARALLEL_SOMA_ALL_TO_ONE 30D algorithm:
[155.09607773941815, 1.9210974106650493e-05, 10097.682035795397, 3.1325751228248437e-06, 1074.7782336654714, 0.08682661041432796, 161.5556686317645, 10097.682035432146, 3.9866288171298, 8.477987035975087, 0.6750776471845806, 4.170445551055547, 389.27156336647306, 71.45854359547721, 86.41899011961004, 2.7223133792645914e-05, 1000002.2471425424, 2.5948527313674786e-06, 0.0031728272047215848, 2.5698272215200376e-05, 0.11735985910706631, 385.2849406854126, 389.2755898799961, 0.012123161696551268, 1078.7648537901296, 0.0010796036396929743, 3.392746890905844e-05, 3.9866386218943908, 0.008602430969199758, 10097.682072010328]
AVG = 34470.290793373584
Results for ZAKHAROV with PARALLEL_SOMA_ALL_TO_ONE 30D algorithm:
[4.272765981356116, 0.000562003692494976, 0.00022653825880154872, 1.4938270812626218e-05, 3.540063830269465e-05, 11.561736244101366, 0.012401063827679014, 4.8032828862246244e-05, 0.00014945944570854972, 0.0007294401882300199, 0.0005826470145791616, 0.0978122676513292, 0.030540959567020767, 0.001337728366289886, 0.10792072529346684, 0.0012468123734993705, 0.22350824650495518, 1.4950699425925746, 3.0109825646473864e-05, 21.910493863201875, 6.504976630952944e-09, 0.002728741945105278, 0.675170343773618, 280.6185794962817, 0.00010696899054369779, 0.0005935071922929188, 9.384834935912605e-05, 0.0005925037727256708, 0.008243195234481629, 0.01616332511276462]
AVG = 10.701316144738575
Results for SALOMON with PARALLEL_SOMA_ALL_TO_ONE 30D algorithm:
[10.799873345846812, 11.599873345846815, 10.599873345846811, 9.899873345846947, 8.599873345846822, 10.199873345846814, 7.499873345846811, 9.099873345846813, 11.099873345846811, 8.499873345846815, 11.49987334584681, 11.99987334584681, 10.299873345846812, 10.199873345846841, 10.899873345846812, 10.199873345846811, 11.428851476463377, 9.599873345846829, 9.099873345846811, 9.129059378890869, 8.699873345846811, 8.099873345846815, 9.699873345846811, 8.899873345846819, 9.199873345846811, 10.099873345846813, 9.099873345846811, 10.999873345846838, 9.999873345846812, 8.918951045083729]
AVG = 9.865781407943404
Results for SCHAFFER_N2 with PARALLEL_SOMA_ALL_TO_ONE 30D algorithm:
[11.357121880078775, 10.755498985747073, 10.606260567154402, 11.45241825698596, 11.039296066776274, 11.56601738977456, 10.131097509480036, 11.009545592120148, 11.780359456664245, 11.247772919755374, 11.44250383088015, 11.25942808060455, 10.745961697762983, 10.683440878635022, 10.650028529687793, 10.755094988105293, 9.868185532571136, 10.934148441516042, 11.05281866145422, 11.238570404760576, 11.225544897278821, 10.893873894311126, 11.437454637917417, 10.425669082701008, 11.285310939588625, 10.879280917774283, 10.444764564275118, 11.279927940520448, 12.192466931422546, 10.93001509591627]
AVG = 11.018995952407343
Results for SCHWEFEL with PARALLEL_SOMA_ALL_TO_ONE 30D algorithm:
[11062.570091431156, 11043.155728192884, 10845.40193488598, 11211.54530737512, 11181.949451975644, 11003.603706491682, 11163.483710287604, 11091.940620783429, 11163.483710251825, 11033.922857329586, 10972.335934192994, 11098.552953368504, 11202.312436512619, 11112.192995621292, 10825.257960952831, 10931.111995591496, 11232.406261439257, 10901.741466131512, 11160.863171972327, 10932.060638126073, 11233.354882844636, 11001.931789600038, 11149.958384251044, 11048.740114547154, 11012.922933960073, 11052.388599306261, 11014.508494199315, 11062.570091355628, 11011.16466168911, 10988.221195686487]
AVG = 11058.188469345123
Results for DIXON_PRICE with PARALLEL_SOMA_ALL_TO_ONE 30D algorithm:
[30201.00000000123, 0.6666666666666904, 0.6666666666666781, 0.6666666666666834, 9950.718750000475, 0.6666666666666763, 30201.00000000104, 9802.833717857682, 9814.808177235265, 0.6666666666672527, 0.6666666666666751, 0.6666666666666711, 0.6666666666673282, 0.6666666666666761, 30201.000000000622, 0.6666666666666834, 0.6666666666666892, 0.6666666666666992, 0.6666666666666798, 0.6666666666666745, 0.666666666667886, 0.6666666666667317, 9805.300868813427, 0.6666666666666726, 9805.300867995993, 0.6666666666666842, 0.6666666666666899, 0.6666666666666726, 0.6666666666667163, 30201.00000000056]
AVG = 5666.565412730209
