Results for IDENTITY with PARALLEL_SOMA_ALL_TO_ONE 10D algorithm:
[3.4125600194542017e-68, 3.9740239539151313e-70, 3.81258107267326e-65, 3.947591740703722e-68, 6.788051648297954e-68, 3.335964674842028e-67, 3.025546889569843e-62, 1.2179419664478437e-67, 4.5942106472892006e-63, 8.143929841463174e-68, 4.2923610638053256e-66, 7.063016820285974e-63, 7.087394564502159e-71, 1.2385296796039002e-64, 3.523060877263533e-68, 8.91453918445621e-71, 2.6889854526827028e-70, 2.7153322795263477e-68, 2.5767017410819453e-63, 1.0561610423115728e-67, 1.0052623570659146e-61, 1.1564397289953456e-65, 1.882015231500955e-66, 3.8536782515728414e-70, 8.320536248503127e-66, 4.385799917758781e-70, 2.180297534004949e-68, 6.0226340776022986e-64, 4.145137736787376e-68, 3.961096090541229e-67]
AVG = 4.860241421116346e-63
Results for LINEAR with PARALLEL_SOMA_ALL_TO_ONE 10D algorithm:
[2.4879569847680877e-66, 2.4054654308230365e-68, 5.851944937917445e-63, 7.45858807329785e-71, 1.565918050521151e-73, 1.4342275746756968e-68, 2.05526461748162e-64, 6.486507243168164e-66, 5.787412789662393e-72, 4.92710178632158e-70, 1.6074210974092292e-70, 1.0479091930071221e-67, 4.119198751765555e-67, 7.590052822012786e-72, 9.514111928849164e-71, 6.853852792208709e-70, 2.2857684058482935e-70, 3.997643290408051e-67, 1.1168248055276556e-64, 2.025403519807386e-66, 4.4920705833892255e-71, 1.7162523237830284e-65, 4.786908660601103e-62, 4.728043027882788e-65, 6.455089315814153e-66, 4.1847756450755305e-66, 3.776506873887892e-66, 4.27738366544852e-65, 9.088557655759538e-68, 1.3735973124533452e-66]
AVG = 1.8057764888840616e-63
Results for PARABOLA with PARALLEL_SOMA_ALL_TO_ONE 10D algorithm:
[1.826784809565427e-125, 1.3150277229532561e-138, 2.3791720196504076e-131, 1.4277934503164008e-133, 2.616681748211794e-133, 2.5005479363033648e-129, 1.9585351219664302e-128, 5.867604503918949e-134, 1.1869411747467792e-131, 5.946992591439083e-134, 1.8358749685608125e-131, 1.1545805760428378e-136, 1.3502750575537441e-143, 3.6117342907927174e-135, 9.837953161623454e-141, 3.992418856469318e-136, 3.75044816825924e-130, 1.3517298762078517e-140, 1.5642109918593091e-133, 6.4968857942220595e-140, 1.209824462617819e-131, 2.32459504625011e-134, 6.552550854431922e-133, 6.292332993259478e-140, 1.4994007102700584e-137, 8.203149465367025e-128, 9.700059749601104e-129, 4.197770006806875e-133, 7.589404449385445e-136, 1.0256432086285068e-132]
AVG = 6.127369839998088e-127
Results for SINUS with PARALLEL_SOMA_ALL_TO_ONE 10D algorithm:
[-0.999999999241135, -0.9999999998014083, -0.9999999996240065, -0.9999999971364375, -0.9999999996620689, -0.9999999941411647, -0.9999999988588063, -0.999999998186202, -0.9999999988908589, -0.9999999999395914, -0.9999999986293062, -0.9999999998916231, -0.99999999816857, -0.9999999951631516, -0.9999999803070873, -0.9999999979878956, -0.9999999994283882, -0.999999999248033, -0.9999999999986632, -0.9999999966167359, -0.9999999688398318, -0.9999999997699388, -0.9999999987503164, -0.9999999993651066, -0.9999999996297929, -0.9999999878965496, -0.9999999997706112, -0.9999999999675097, -0.9999999963810144, -0.999999989316304]
AVG = -0.9999999963536037
Results for COSINUS with PARALLEL_SOMA_ALL_TO_ONE 10D algorithm:
[-0.9999999980467301, -0.9999999999944789, -0.9999999970235441, -0.9999999989444983, -0.9999999999585863, -0.9999999992746207, -0.999999999774578, -0.9999999669648509, -0.9999999992269875, -0.9999999737113224, -0.9999999999530227, -0.9999999940612166, -0.9999999907254234, -0.9999999952866685, -0.9999999778160802, -0.9999999902442407, -0.9999999989906454, -0.9999999970880877, -0.9999999983626461, -0.9999999989274916, -1.0, -0.9999999889069019, -0.9999999993087066, -0.9999999995709564, -0.9999999991267938, -0.9999999985144536, -0.999999999953854, -0.9999999999849403, -0.9999999921061604, -0.9999999941945975]
AVG = -0.9999999948681029
Results for EXPONENTIAL_GROWTH with PARALLEL_SOMA_ALL_TO_ONE 10D algorithm:
[1.0000000000000049, 1.0000000000000036, 1.0000000000000047, 1.000000000000007, 1.0000000000000142, 1.0000000000000175, 1.0000000000000042, 1.0000000000000078, 1.0000000000000278, 1.0000000000000064, 1.0000000000000073, 1.0000000000000044, 1.0000000000000038, 1.0000000000000087, 1.0000000000000049, 1.000000000000012, 1.000000000000005, 1.000000000000005, 1.0000000000000044, 1.0000000000000304, 1.0000000000000118, 1.0000000000000049, 1.0000000000000084, 1.0000000000000093, 1.000000000000491, 1.0000000000000033, 1.000000000000007, 1.000000000000004, 1.0000000000000142, 1.0000000000000135]
AVG = 1.000000000000025
Results for EXPONENTIAL_DECAY with PARALLEL_SOMA_ALL_TO_ONE 10D algorithm:
[6.396714493031645e-96, 6.396714493031897e-96, 6.396714493031141e-96, 6.396714493031645e-96, 6.396714493031645e-96, 6.396714493031897e-96, 6.396714493031645e-96, 6.396714493032906e-96, 6.39671449303467e-96, 6.396714493031141e-96, 6.396714493034922e-96, 6.396714493031393e-96, 6.396714493031897e-96, 6.396714493032906e-96, 6.396714493032653e-96, 6.396714493036686e-96, 6.396714493031393e-96, 6.396714493030889e-96, 6.396714493031393e-96, 6.396714493031897e-96, 6.396714493032906e-96, 6.396714493033914e-96, 6.396714493031897e-96, 6.396714493033158e-96, 6.396714493031897e-96, 6.396714493032401e-96, 6.396714493032401e-96, 6.396714493032906e-96, 6.396714493031393e-96, 6.396714493032906e-96]
AVG = 6.396714493032401e-96
Results for SIGMOID with PARALLEL_SOMA_ALL_TO_ONE 10D algorithm:
[1.0, 1.0, 1.0, 1.0, 1.0, 1.0, 1.0, 1.0, 1.0, 1.0, 1.0, 1.0, 1.0, 1.0, 1.0, 1.0, 1.0, 1.0, 1.0, 1.0, 1.0, 1.0, 1.0, 1.0, 1.0, 1.0, 1.0, 1.0, 1.0, 1.0]
AVG = 1.0
Results for TRIANGLE with PARALLEL_SOMA_ALL_TO_ONE 10D algorithm:
[-0.9999913169306751, -0.9998972728326692, -0.9998998720539305, -0.9999211801877266, -0.999999115746391, -0.9999572254855025, -0.9999930881304664, -0.9999638398114996, -0.9999653199611487, -0.9999670125361604, -0.9999525430036442, -0.9999951655211419, -0.9999869121244558, -0.9999645348451622, -0.9999698295655151, -0.9999801655397391, -0.9999841265613725, -0.9999897671873441, -0.9999394827024588, -0.999984491359271, -0.9999857020176108, -0.9999683414055482, -0.9999945064827784, -0.9998540193593612, -0.9999832677216318, -0.9998939489234857, -0.9999666678087067, -0.9999985401646541, -0.9999534347390409, -0.9999042307215973]
AVG = -0.9999601640476896
Results for QUADRATIC_SINE with PARALLEL_SOMA_ALL_TO_ONE 10D algorithm:
[-1.299038105223318, -1.299038104088348, -1.299038103525071, -1.2990381011384537, -1.2990381056570302, -1.2990380663483772, -1.2990381037666145, -1.299038103198175, -1.2990381049214748, -1.2990381052937252, -1.2990381031638907, -1.2990381048484716, -1.2990381056682796, -1.299038099299117, -1.2990380472450584, -1.2990380539153454, -1.29903810347776, -1.2990380927503697, -1.2990381049926325, -1.299038097510981, -1.2990380947431643, -1.2990381055373033, -1.2990381055991063, -1.2990381054882825, -1.2990381048628183, -1.299038104774398, -1.2990381050761137, -1.2990381056425926, -1.2990381053995295, -1.2990381044837953]
AVG = -1.2990380985879866
Results for GAUSSIAN_BELL with PARALLEL_SOMA_ALL_TO_ONE 10D algorithm:
[0.0, 0.0, 0.0, 0.0, 0.0, 0.0, 0.0, 0.0, 0.0, 0.0, 0.0, 0.0, 0.0, 0.0, 0.0, 0.0, 0.0, 0.0, 0.0, 0.0, 0.0, 0.0, 0.0, 0.0, 0.0, 0.0, 0.0, 0.0, 0.0, 0.0]
AVG = 0.0
Results for SAWTOOTH with PARALLEL_SOMA_ALL_TO_ONE 10D algorithm:
[-0.9999382679882558, -0.999947479075388, -0.9999499877484936, -0.9999883650064589, -0.9999472837474741, -0.999942245879879, -0.9999634038210843, -0.9999191173989175, -0.9999717894741593, -0.999988603666452, -0.9999328972102148, -0.9999802038453254, -0.9999493296987225, -0.9999186534716955, -0.9999367257865401, -0.9999977065158987, -0.9999619442603489, -0.9999968452387407, -0.9998216662494315, -0.9999420608479568, -0.9997865550005542, -0.9999854378640691, -0.9999966584971389, -0.9999980117453902, -0.999990490466871, -0.9999858211415926, -0.9999440045704375, -0.9999101583352967, -0.9999694303230626, -0.9999975490242718]
AVG = -0.9999519564633375
Results for TANH with PARALLEL_SOMA_ALL_TO_ONE 10D algorithm:
[1.0, 1.0, 1.0, 1.0, 1.0, 1.0, 1.0, 1.0, 1.0, 1.0, 1.0, 1.0, 1.0, 1.0, 1.0, 1.0, 1.0, 1.0, 1.0, 1.0, 1.0, 1.0, 1.0, 1.0, 1.0, 1.0, 1.0, 1.0, 1.0, 1.0]
AVG = 1.0
Results for LOGISTIC_SIGMOID with PARALLEL_SOMA_ALL_TO_ONE 10D algorithm:
[1.0, 1.0, 1.0, 1.0, 1.0, 1.0, 1.0, 1.0, 1.0, 1.0, 1.0, 1.0, 1.0, 1.0, 1.0, 1.0, 1.0, 1.0, 1.0, 1.0, 1.0, 1.0, 1.0, 1.0, 1.0, 1.0, 1.0, 1.0, 1.0, 1.0]
AVG = 1.0
Results for QUADRATIC_GROWTH with PARALLEL_SOMA_ALL_TO_ONE 10D algorithm:
[1.0000000000000038, 1.0000000000000082, 1.0000000000000069, 1.000000000000002, 1.0000000000000016, 1.0000000000000016, 1.0000000000000095, 1.0000000000000033, 1.0000000000000102, 1.000000000000001, 1.0000000000000007, 1.0000000000000122, 1.0000000000000087, 1.0000000000000016, 1.0000000000000022, 1.0000000000000013, 1.0000000000000013, 1.0000000000000004, 1.0000000000000029, 1.0000000000000009, 1.0000000000000027, 1.0000000000000009, 1.0000000000000036, 1.0000000000000013, 1.0000000000000016, 1.0000000000000056, 1.0000000000000047, 1.0000000000000033, 1.000000000000001, 1.0000000000000038]
AVG = 1.0000000000000036
Results for QUADRATIC_DECAY with PARALLEL_SOMA_ALL_TO_ONE 10D algorithm:
[-99998.99999999959, -99998.99999999972, -99998.99999999991, -99998.99999999984, -99998.99999999984, -99998.99999999952, -99998.9999999998, -99998.9999999998, -99998.99999999977, -99998.9999999997, -99998.99999999972, -99998.99999999999, -99998.99999999962, -99998.99999999952, -99998.99999999994, -99998.99999999879, -99998.99999999977, -99998.99999999991, -99998.99999999962, -99998.99999999994, -99998.99999999977, -99998.99999999984, -99998.99999999987, -99998.99999999991, -99998.99999999977, -99998.99999999967, -99998.99999999977, -99998.99999999984, -99998.9999999998, -99998.99999999977]
AVG = -99998.99999999975
Results for SQUARE_ROOT with PARALLEL_SOMA_ALL_TO_ONE 10D algorithm:
[5.849057448849133e-34, 1.1549279370107946e-32, 6.128740028872162e-36, 1.1563382163398013e-33, 2.536255247962545e-34, 1.9096608450253496e-36, 2.54459513662465e-35, 2.474435403442819e-34, 4.708044985114934e-33, 9.339484259165714e-32, 2.6254560267208483e-36, 2.047694570138938e-33, 5.346510284704534e-33, 2.6711619876951903e-35, 1.0678826436056016e-33, 2.1954911710420657e-33, 8.31068745333674e-33, 8.44809638609079e-34, 6.728911279914775e-37, 3.704948935372207e-34, 6.979224127218948e-36, 8.369995461569661e-35, 9.272285492166096e-35, 1.4348507366601494e-34, 9.033239908846821e-34, 2.1103008132823945e-32, 1.5578322425103533e-32, 7.67742857782658e-35, 1.0613889176074548e-33, 2.4993647009308194e-33]
AVG = 5.789687150265018e-33
Results for CUBIC with PARALLEL_SOMA_ALL_TO_ONE 10D algorithm:
[4.147195399579879e-192, 8.56661467174026e-209, 1.0942374197760687e-195, 1.2386953487070467e-197, 1.0926569373160949e-197, 1.327377290613959e-197, 8.728793134307603e-203, 1.4421775025429295e-195, 3.088703475166331e-191, 7.625375953664492e-196, 5.458740358544131e-197, 1.231937652170283e-198, 7.869245926366982e-206, 1.544413601571228e-208, 9.870732070398135e-202, 1.702413362035287e-211, 2.2802832614716714e-185, 2.965767030866566e-199, 5.613681747965827e-203, 7.76808521900214e-204, 1.588713456272779e-198, 1.7984308928505017e-217, 1.4334763325051847e-214, 3.5629347610109767e-190, 1.8332587097821975e-209, 1.8878125361756275e-194, 2.628345789850814e-203, 9.887401233689804e-206, 2.119175913196113e-199, 1.3553802246873507e-199]
AVG = 7.601074654898227e-187
Results for LOGARITHMIC with PARALLEL_SOMA_ALL_TO_ONE 10D algorithm:
[1.332267629550179e-14, 3.996802888650556e-15, 3.5527136788004946e-15, 3.330669073875464e-15, 3.952393967665479e-14, 4.440892098500528e-14, 3.330669073875464e-15, 1.4210854715201903e-14, 7.105427357600977e-15, 1.2434497875801676e-14, 2.664535259100372e-15, 1.754152378907732e-14, 3.774758283725525e-15, 1.57651669496771e-14, 7.549516567451036e-15, 1.2212453270876648e-14, 3.5527136788004946e-15, 3.774758283725525e-15, 1.176836406102659e-14, 8.881784197001213e-15, 1.909583602355251e-14, 5.151434834260594e-14, 3.774758283725525e-15, 2.1982415887577857e-14, 3.330669073875464e-15, 2.4424906541753412e-15, 5.551115123125767e-15, 6.217248937900858e-15, 4.440892098500617e-15, 3.330669073875464e-15]
AVG = 1.1812772982011521e-14
Results for POWER with PARALLEL_SOMA_ALL_TO_ONE 10D algorithm:
[6.544811715767799e-194, 2.3523145969153045e-204, 3.7752065605322598e-196, 4.899902170888835e-202, 2.0053483605029573e-204, 6.59747461421801e-204, 4.977893327832985e-206, 3.0670959362534967e-207, 5.033190332383444e-188, 3.686330205519445e-191, 4.129885313112342e-202, 2.540550202033033e-205, 1.7987503955398376e-206, 6.269084298430616e-208, 2.867050661810364e-212, 2.321368046384164e-199, 1.0269670329300406e-205, 1.3782474672618901e-207, 2.117909856288859e-213, 6.280558602790659e-202, 7.260269423826419e-194, 6.732981019831282e-203, 1.1825602547569521e-204, 1.5693477168242546e-199, 1.4199212460754695e-207, 1.5024673824483718e-206, 1.1667126053287591e-194, 1.258622050589259e-206, 1.2930733230666774e-203, 1.5571924065475202e-191]
AVG = 1.6794829548601302e-189
Results for REULEAUX_TRIANGLE with PARALLEL_SOMA_ALL_TO_ONE 10D algorithm:
[1.0000000000000089, 1.0000000000000124, 1.0000000000000533, 1.000000000000008, 1.0000000000000173, 1.0000000000000062, 1.0000000000000333, 1.0000000000000084, 1.000000000000031, 1.0000000000000089, 1.0000000000000147, 1.0000000000000053, 1.0000000000000107, 1.000000000000016, 1.0000000000000182, 1.0000000000000098, 1.0000000000000075, 1.000000000000012, 1.0000000000000195, 1.0000000000000058, 1.000000000000004, 1.0000000000000218, 1.0000000000000422, 1.0000000000000053, 1.0000000000000115, 1.0000000000000213, 1.000000000000028, 1.0000000000001767, 1.000000000000015, 1.0000000000000653]
AVG = 1.0000000000000233
Results for DIRICHLET with PARALLEL_SOMA_ALL_TO_ONE 10D algorithm:
[-0.023585068229016383, -0.018192146321803142, -0.020540454041753732, -0.023585068229016383, -0.023585068229016383, -0.014806733942884264, -0.02358506822900154, -0.023585068229016383, -0.013546344345139953, -0.020540454041481096, -0.02768973230114919, -0.029497112156297606, -0.020540454041753732, -0.02054045403965967, -0.018192146321803142, -0.014806733946549227, -0.016325759320997828, -0.01632575932097042, -0.02768973230114919, -0.02768973230114919, -0.02768973230055796, -0.018192146321803142, -0.02045665062095635, -0.020540454041753642, -0.033525135021398755, -0.023585068228946283, -0.020540454041728044, -0.016325759320997824, -0.018192146321803142, -0.03352513502139073]
AVG = -0.02191405903769814
Results for LOGARITHMIC_GROWTH with PARALLEL_SOMA_ALL_TO_ONE 10D algorithm:
[2.4868995751603197e-14, 1.643130076445218e-14, 6.4392935428258874e-15, 1.465494392505196e-14, 8.215650382226125e-15, 3.330669073875464e-15, 2.664535259100372e-15, 7.105427357600977e-15, 3.774758283725525e-15, 2.664535259100372e-15, 4.218847493575586e-15, 5.329070518200737e-15, 5.373479439185613e-14, 6.217248937900858e-15, 3.5527136788004946e-15, 4.218847493575586e-15, 1.998401444325262e-14, 7.549516567451036e-15, 1.176836406102659e-14, 3.330669073875464e-15, 4.218847493575586e-15, 3.5749181392929403e-14, 7.105427357600977e-15, 7.771561172376066e-15, 1.4876988529976987e-14, 5.995204332975827e-15, 5.7731597280507974e-15, 5.551115123125767e-15, 1.0880185641326474e-14, 3.5527136788004946e-15]
AVG = 1.0384286023660522e-14
Results for LOGARITHMIC_DECAY with PARALLEL_SOMA_ALL_TO_ONE 10D algorithm:
[-5.759620020661267, -5.7596200206612655, -5.759620020661262, -5.759620020661255, -5.759620020661269, -5.759620020661204, -5.759620020661266, -5.759620020661269, -5.759620020661267, -5.759620020661267, -5.7596200206612655, -5.759620020661262, -5.7596200206612655, -5.759620020661266, -5.759620020661261, -5.759620020661263, -5.759620020661269, -5.759620020657754, -5.759620020661267, -5.7596200206612655, -5.759620020661266, -5.7596200206612655, -5.759620020661253, -5.759620020661258, -5.7596200206612655, -5.759620020661267, -5.759620020661269, -5.759620020661248, -5.759620020661252, -5.759620020661266]
AVG = -5.759620020661145
Results for INVERTED_SINE with PARALLEL_SOMA_ALL_TO_ONE 10D algorithm:
[-0.999999992842697, -0.9999999861137303, -0.9999999999473856, -0.9999999999267648, -0.9999999950824522, -0.9999999998926153, -0.9999999999908828, -0.9999999999980174, -0.999999999999978, -0.9999999999658917, -0.9999999989041658, -0.9999999791702445, -0.9999999998201893, -0.9999999999225838, -0.9999999990247398, -0.9999999992089317, -0.9999999756761704, -0.9999999481625755, -0.9999999997504639, -0.9999999999050794, -0.9999999940841537, -0.9999999985640746, -0.9999999991201521, -0.9999999999442384, -0.9999999987252386, -0.9999999997654161, -0.9999999968555403, -0.9999999998104951, -0.9999999999995236, -0.9999999999828166]
AVG = -0.9999999953385735
