Results for SCHAFFER_F7 with PSO 10D algorithm:
[0.007478956784343815, 0.016243656005708065, 0.09730322722853296, 0.09730322722853295, 0.03176859694626703, 0.0074789567843438175, 0.15688267163499017, 0.002981094750298371, 0.007478956784343815, 0.05736976255073194, 0.016243656005708065, 0.05736976255073195, 0.09730322722853298, 0.03176859694626703, 0.24259688100097412, 0.031768596946267026, 0.002981094754222467, 0.03176859694626703, 0.15688266894413913, 0.0009617266967989603, 0.01624365600570806, 0.03176859694626704, 0.016243656005708065, 0.0029810947502983717, 0.24259688100097415, 0.002981094750298371, 0.007478956784343815, 0.057369762550731944, 0.057369762550731944, 0.09730322722853295]
AVG = 0.05614235344305322
Results for GRIEWANK with PSO 10D algorithm:
[0.046707412056455344, 0.03693103597976399, 0.06885619887806382, 0.02457329408636344, 0.07391614430591664, 0.024590437451775693, 0.10089898015557996, 0.06704428377919591, 0.16491856386373027, 0.0811501469331154, 0.16737738559968818, 0.05409114541157545, 0.1106557897853403, 0.06894689451787461, 0.12300864164253844, 0.027093396087305877, 0.08616098240645531, 0.029552183692774014, 0.08120904097986037, 0.08367776978797425, 0.1230551460440461, 0.194333226024904, 0.12057915514113948, 0.10085497423438983, 0.07376886827048312, 0.1427870373121496, 0.11334526359764563, 0.09102209166689623, 0.11069985067119459, 0.0639900482401945]
AVG = 0.08852651295347967
Results for LEVY with PSO 10D algorithm:
[0.08952825041644091, 1.4997597826618576e-32, 1.4997597826618576e-32, 1.4997597826618576e-32, 0.08952825041644091, 1.4997597826618576e-32, 1.4997597826618576e-32, 1.4997597826618576e-32, 1.7277466680329545, 1.4997597826618576e-32, 0.08952825041644091, 1.4997597826618576e-32, 1.4997597826618576e-32, 1.4997597826618576e-32, 1.4997597826618576e-32, 1.4997597826618576e-32, 1.4997597826618576e-32, 1.4997597826618576e-32, 0.08952825041644091, 1.4997597826618576e-32, 2.182070686623728, 1.4997597826618576e-32, 1.4997597826618576e-32, 1.4997597826618576e-32, 1.4997597826618576e-32, 1.4997597826618576e-32, 1.4997597826618576e-32, 1.4997597826618576e-32, 1.4997597826618576e-32, 0.08952825041644093]
AVG = 0.1452486202246296
Results for EGGHOLDER with PSO 10D algorithm:
[-622.8828862225193, -788.5851775731294, -627.5336129133766, -741.923791415187, -534.1268415854863, -673.8427597164006, -765.4402000637602, -617.9534499550272, -711.6526558439003, -713.0162407660231, -755.034152897436, -686.146160017546, -588.2953564860801, -551.5312368121416, -763.313032870952, -636.4198498135277, -841.4720526812588, -819.8905204635214, -704.3998878693152, -753.8195410864389, -710.6405123160498, -685.4476765105994, -649.1898557947936, -654.0117030771246, -678.5703599420895, -635.757206496994, -660.6074775155811, -972.0341142116107, -820.48803369595, -690.8309135247189]
AVG = -701.8285753379513
Results for ROSENBROCK with PSO 10D algorithm:
[2.43097219412496, 1.4470060263815205, 2.8401226893707188, 0.8278594042050353, 0.6450353063341063, 1.2111564414113478, 0.7340993062333293, 1.5843159324574454, 1.0475076039760274, 76.70641705441912, 0.6101552775940489, 0.922119515097612, 7.495340698898453, 1.5838943863845412, 0.002353918092235379, 1.1733403484374278, 0.44920976455099687, 7.286917887450905, 0.588475612543902, 0.8614599320242086, 0.35484231081380446, 173.08296532552015, 1.516646746321568, 0.99932619047897, 5.556079016271751, 158.7266264452032, 0.954265315401575, 0.7236554293264958, 5.320784083820065, 1.1460894664770034]
AVG = 15.294301320987415
Results for ZAKHAROV with PSO 10D algorithm:
[8.974485026876163e-20, 1.0579665145145947e-18, 7.126915498664189e-19, 2.5501272229453726e-21, 4.783549881057564e-18, 3.836865631652945e-21, 4.3578661368332855e-21, 4.934727059639275e-20, 5.699762479461029e-19, 3.553755227954264e-20, 2.0398736961912428e-20, 2.356533005993161e-19, 2.5354384216939947e-17, 1.0975869955024009e-17, 1.0589678466916958e-13, 1.4712953404158805e-19, 1.002180523001191e-15, 2.7638939804787543e-20, 6.691708763640343e-21, 4.933083915843781e-19, 4.017917433471204e-18, 5.646307700456167e-20, 7.191297057617772e-21, 1.7920429670220224e-19, 7.219233758301338e-22, 4.358723527533224e-19, 2.2798176603616883e-21, 1.4649898940890588e-17, 8.321573003573658e-19, 2.453694399675576e-19]
AVG = 3.565465430051976e-15
Results for SALOMON with PSO 10D algorithm:
[0.199873345846811, 0.09987334584681097, 0.199873345846811, 0.09987334584681097, 0.199873345846811, 0.29987334584681097, 0.199873345846811, 0.29987334584681097, 0.199873345846811, 0.29987334584681097, 0.199873345846811, 0.199873345846811, 0.09987334584681097, 0.09987334584698555, 0.199873345846811, 0.09987334584681098, 0.199873345846811, 0.199873345846811, 0.199873345846811, 0.199873345846811, 0.09987334584681097, 0.29987334584681097, 0.19987334584681216, 0.199873345846811, 0.09987334584681097, 0.09987334584681098, 0.09987334584681098, 0.29987334584681097, 0.199873345846811, 0.09987334584681098]
AVG = 0.18320667918015018
Results for SCHAFFER_N2 with PSO 10D algorithm:
[1.8272777274047112, 1.184490838753781, 1.5753240636616257, 1.171963410399108, 1.7645903151381774, 0.5011488210394587, 2.5330986506279496, 2.9458660990019587, 1.9945201104279018, 0.881979515234367, 1.6049534739152762, 0.4115783482022945, 2.0819441884782623, 2.5792123745835376, 1.951611136915025, 1.5395001215329995, 0.7691788276897853, 1.338315825751021, 0.00036903314878961035, 0.812901222689058, 1.8241051492034583, 1.4133183808414131, 1.0157755474275707, 2.07479779661171, 1.2347845673534132, 1.3782398571644403, 1.1240622487563505, 2.151743197321687, 2.186113227266813, 0.8587894505204613]
AVG = 1.4910517842354136
Results for SCHWEFEL with PSO 10D algorithm:
[3830.3433325838582, 3771.3769477246697, 3692.2729042676974, 3781.241612742365, 3704.8051604051566, 3711.6872673984, 3641.9180085337775, 3700.493418838486, 3790.791310855372, 3751.239289126886, 3691.265035930855, 3740.7476015563634, 3652.7208825392117, 3693.1976215579293, 3672.1352456699137, 3751.239289126886, 3711.6872673984, 3672.1352456699133, 3672.1352456699133, 3771.3769477246697, 3711.6872673984, 3711.6872673984, 3751.239289126886, 3790.791310855372, 3730.4995461559197, 3681.586750376492, 3672.1352456699133, 3810.9289694531562, 3721.0446642080105, 3751.239289126886]
AVG = 3724.5883078363386
Results for DIXON_PRICE with PSO 10D algorithm:
[2.3203924444720164e-26, 0.666666666666661, 0.6666666666666665, 0.6666666666666665, 0.6666666666666665, 0.6666666666666665, 0.6666666666666665, 0.6666666666666665, 0.6666666666666665, 0.6666666666666665, 0.6666666666666666, 0.6666666666666665, 0.6666666666666665, 0.6666666666666665, 0.6666666636067236, 0.6666666666666665, 0.6666666666666665, 0.6666666666666665, 0.6666666666666666, 0.6666666666666666, 4.675989469610397e-23, 0.6666666666666665, 0.6666666666666665, 0.6666666666666666, 0.6666666666666665, 0.6666666666666665, 0.6666666666666665, 0.6666666666666665, 0.6666666666666665, 0.6666666666666667]
AVG = 0.6222222221202239
