Results for SCHAFFER_F7 with PSO 30D algorithm:
[3.993659900960766, 3.993659900960765, 0.7415305470001947, 2.4205085260378234, 3.9936599009607647, 2.4204931665819562, 16.839855366964443, 11.624084963858168, 7.7889234429842755, 7.7889234429842755, 5.0401516266541, 6.295320780139015, 6.295912233617902, 14.039139860529263, 9.55341846261229, 7.788923442984275, 3.9936599009607647, 5.0401516266541, 3.1286747757838116, 6.295320780138972, 11.624084963858165, 2.4204931665819567, 1.0242869876548781, 3.128674775783812, 16.839855366964443, 1.0242869876548775, 7.788923442984275, 3.9936599836311095, 3.9936599009607665, 5.040151626654101]
AVG = 6.198468328403211
Results for GRIEWANK with PSO 30D algorithm:
[0.022151242014808892, 0.029481123964806732, 0.0, 0.00985728460782076, 0.014779776754825669, 0.007396040334114895, 0.00985728460782076, 0.012316072519261478, 0.0, 0.0, 0.0, 0.014779776754825669, 0.03690650823132624, 0.01231607251926159, 0.0, 0.022156143668715433, 0.0, 0.0, 0.014779776754827334, 0.012316072519261478, 0.009864672061006052, 0.024610029557545876, 0.03201591380356805, 0.0, 0.0, 0.0, 0.02457329408636344, 0.009864672061006052, 0.0, 0.00985728460782076]
AVG = 0.010995968047632905
Results for LEVY with PSO 30D algorithm:
[181.64308951398436, 22.178063344616646, 20.725584194341586, 7.271581211054152, 4.545658255423209, 2.636394705214502, 87.63247478874106, 91.17784332276572, 39.39727055101299, 23.360585662787017, 52.8202303142547, 44.18214100326857, 93.81685237028482, 4.180883643162576, 3.7265596245718013, 41.54838793517894, 3.909817354656683, 18.63587088161333, 375.22179851341485, 18.813269156756355, 21.00119929832194, 349.030741851712, 27.092522023863694, 17.000131340266016, 2.7259229556309434, 15.088737044098316, 5.454306292604756, 89.25857899012685, 124.72519733753995, 133.53199773393143]
AVG = 64.07778970717332
Results for EGGHOLDER with PSO 30D algorithm:
[-1940.5308217126833, -2006.7494110772411, -1838.5103451009593, -2019.5937045393346, -1967.37216288477, -1856.2465453232512, -2020.7412154117605, -1927.3337531690265, -2005.5552065234126, -1990.0046280783986, -2031.9425808241826, -1866.5319977447907, -2534.6372732757873, -2187.877901535964, -1918.9589525906613, -1860.403014734282, -1978.7690247020457, -2137.411512057788, -1912.9886837060858, -1859.7094607508725, -1911.1778306524898, -1917.942894443523, -2174.9096337466844, -2995.0224932679503, -1992.9377571627672, -2329.272978705073, -2051.379523712313, -2062.2465905425815, -2137.2519643619567, -1873.8650618759957]
AVG = -2043.5958308071545
Results for ROSENBROCK with PSO 30D algorithm:
[83.7101873375735, 10.716964456850206, 11.454593572036199, 3.2619532812126995, 22.654057848074697, 21.750475730589468, 23.026515348332765, 85.73962432460394, 21.637591961485935, 114.0969098930567, 75.65057556138498, 22.610091959079664, 82.00380018519621, 7.828805141576987, 26.906457742849668, 21.330205082831775, 152.71246456296768, 71.65062858709133, 23.58993523559699, 107.5480401125424, 162.33193638294807, 21.7259882488211, 22.463818339682266, 27.20737987634221, 19.690820864334782, 23.328932794082327, 90.60649197843311, 68.01187969119451, 23.461032908611603, 95.36869264717059]
AVG = 51.4692283885518
Results for ZAKHAROV with PSO 30D algorithm:
[414.676162472873, 128.78355457438153, 182.7633740049673, 297.8073585074705, 180.8511661760813, 158.15664200085703, 81.27714726642249, 224.07281577562537, 557.6758764835043, 76.93097027871218, 219.03030071664264, 310.0103893925659, 133.25330740335727, 192.62224880551258, 148.3868063876539, 105.17029390468849, 82.64466623721205, 35.139965523786124, 618.902179834342, 1172.2322580673024, 322.98798076097614, 246.87245291116344, 475.3047552901849, 270.3643599975199, 163.17921965278276, 293.54082609612027, 239.25005355010725, 40.599797712778006, 157.1284187899955, 102.28102659971917]
AVG = 254.3965458391769
Results for SALOMON with PSO 30D algorithm:
[0.39987334613394243, 0.19987334584681102, 0.399873345846811, 0.599873345846811, 0.399873345846811, 0.499873345846811, 0.499873345846811, 0.399873345846811, 0.399873345846811, 0.399873345846811, 0.599873345846811, 0.399873345846811, 0.399873345846811, 0.29987344574961744, 0.29987334584681097, 0.3998733458468876, 0.399873345846811, 0.499873345846811, 0.29987334584681097, 0.199873345846811, 0.399873345846811, 0.29987334584681097, 0.399873345846811, 0.399873345846811, 0.399873345846811, 0.499873345846811, 0.399873345846811, 0.499873345846811, 0.499873345846811, 0.399873345846811]
AVG = 0.4065400158531448
Results for SCHAFFER_N2 with PSO 30D algorithm:
[8.235941552937456, 9.766956000048003, 9.39425661459626, 9.347020033700536, 8.79181537078327, 7.988684512575138, 9.2348342383694, 10.0060328334816, 7.678069563845913, 10.100063410417619, 8.669924884262628, 9.41184010240245, 10.295795449919467, 10.289854165098621, 9.889698336374098, 6.500520964174796, 5.937239155079153, 8.76673333655886, 9.989768832216047, 8.590409405559877, 10.47538580168216, 9.475322913427577, 8.833336438066462, 10.054961058966722, 8.818237226293983, 8.990144084525323, 8.678865455278233, 8.692412292922562, 10.723477836885515, 9.499592648614806]
AVG = 9.104239817302151
Results for SCHWEFEL with PSO 30D algorithm:
[11423.496438074648, 11332.705637084191, 11357.733758386963, 11373.82052350028, 11265.248936424376, 11343.511357785761, 11312.672328235047, 11411.925954294602, 11055.923145838098, 11115.647439064498, 11225.373329329808, 11353.682864902497, 11290.017635469945, 11383.07111657086, 11369.744423677028, 11293.993184576226, 11505.818191303671, 11293.269889109144, 11551.442973544928, 11104.685223804554, 11362.980050116761, 11363.747281691276, 11334.268501771796, 11532.028610414225, 11293.993184576228, 11333.545206304712, 11274.578821445524, 11154.32412401989, 11223.44778159526, 11412.649249761685]
AVG = 11321.644905422485
Results for DIXON_PRICE with PSO 30D algorithm:
[0.666666666667176, 0.6666666666666667, 0.6666666666666667, 0.6666666666666667, 0.6666666666666687, 0.6666666666666903, 0.6666666666666833, 0.6666666666666743, 0.6666666666666667, 0.666666666666667, 0.6666666666666667, 0.6666666666666667, 0.666666666666667, 0.6666666666666731, 0.6666666666666732, 0.6666666666666667, 0.6666666666666667, 0.6666666666666667, 0.6666666666666667, 0.6666666666668336, 0.6666666666666673, 0.6666666666666667, 0.6666666666666776, 0.666666666666667, 0.6666666666666667, 0.6666666666666667, 0.6666666666666667, 0.6666666666666667, 0.6666666666666687, 0.6666666666666667]
AVG = 0.666666666666692
