Results for IDENTITY with PSO 2D algorithm:
[1.3686345680565552e-17, 3.7761086704688836e-17, 2.8964566215002356e-17, 3.97171735156817e-17, 2.0945269547328254e-16, 1.165670120276691e-17, 3.374996190729939e-16, 1.5389103376241298e-18, 1.5704842110116716e-17, 1.876728218160223e-17, 3.199627382674829e-17, 7.449155837552503e-18, 4.981184342567606e-16, 3.854536514593399e-18, 1.3997291622368022e-16, 7.12546891012062e-18, 1.1540350033404736e-17, 8.255416904749465e-18, 1.177701513210922e-17, 1.6179150151127328e-16, 1.5606144037652045e-16, 1.746287054081787e-16, 4.613108256949966e-17, 5.342051472789847e-17, 3.607247254609523e-17, 5.0586128745028534e-18, 1.9379579062213494e-16, 1.4586907544338278e-16, 4.950611283641741e-17, 3.907930072618341e-18]
AVG = 8.203606763741887e-17
Results for LINEAR with PSO 2D algorithm:
[9.367276484440547e-16, 3.652636599027017e-16, 1.9685406876088612e-16, 5.506590044266353e-16, 3.7685608783595504e-16, 1.627881045596374e-16, 4.0270206640919386e-17, 6.444219138586802e-17, 3.872102540734991e-17, 9.039460407418791e-17, 3.659645989010555e-15, 4.351178510862837e-17, 1.6568508962561197e-16, 1.4768168531421387e-15, 2.6031300520126043e-19, 2.217449224485928e-18, 1.703881227352833e-17, 2.0374298494112444e-17, 1.4271779572682058e-16, 1.2753388966755965e-15, 2.4405435587062964e-16, 3.0660967454022546e-16, 7.47528749284268e-17, 1.2109159233159062e-19, 3.2101425392045075e-17, 2.3147693914641584e-16, 2.3309988657383778e-17, 2.8262462374793733e-16, 1.4757095199396244e-16, 8.162020130033672e-16]
AVG = 3.9284692741992e-16
Results for PARABOLA with PSO 2D algorithm:
[1.5659408109995673e-30, 5.122596123174715e-39, 9.991128635838266e-35, 3.8885642362229785e-34, 7.217592891990889e-34, 1.1766259501498487e-35, 3.487073236459426e-33, 6.697146297721904e-32, 3.6299474415205487e-35, 6.317664176593687e-33, 7.273352432847601e-34, 1.550029775321102e-31, 3.915840013666492e-33, 2.951855366271255e-35, 2.443018446738519e-33, 1.1016239007171306e-35, 7.018749286971307e-33, 5.624353363137309e-36, 1.0082630397475445e-37, 1.5426529592179086e-37, 3.037514516941578e-37, 5.082703880741743e-35, 3.626344518498449e-34, 1.0718110175441213e-32, 3.91115971796104e-34, 7.70694266444495e-32, 1.0526705465596111e-35, 3.689267298604366e-33, 5.647354131650967e-35, 2.202527882935224e-37]
AVG = 6.351596166126357e-32
Results for SINUS with PSO 2D algorithm:
[-1.0, -1.0, -1.0, -1.0, -1.0, -1.0, -1.0, -1.0, -1.0, -1.0, -1.0, -1.0, -1.0, -1.0, -1.0, -1.0, -1.0, -1.0, -1.0, -1.0, -1.0, -1.0, -0.9999999999999944, -1.0, -1.0, -1.0, -1.0, -1.0, -1.0, -1.0]
AVG = -0.9999999999999998
Results for COSINUS with PSO 2D algorithm:
[-1.0, -1.0, -1.0, -1.0, -1.0, -1.0, -1.0, -1.0, -1.0, -1.0, -1.0, -1.0, -1.0, -1.0, -1.0, -1.0, -1.0, -1.0, -1.0, -1.0, -1.0, -1.0, -1.0, -1.0, -1.0, -1.0, -1.0, -1.0, -1.0, -1.0]
AVG = -1.0
Results for EXPONENTIAL_GROWTH with PSO 2D algorithm:
[1.0000000000000002, 1.0000000000000002, 1.0, 1.0, 1.0000000000000002, 1.0, 1.0, 1.0000000000000002, 1.0, 1.0, 1.0000000000000002, 1.0, 1.0, 1.0000000000000002, 1.0, 1.0000000000000002, 1.0, 1.0, 1.0, 1.0, 1.0, 1.0, 1.0, 1.0, 1.0, 1.0, 1.0, 1.0, 1.0, 1.0]
AVG = 1.0
Results for EXPONENTIAL_DECAY with PSO 2D algorithm:
[4.227089448109563e-43, 5.871411289104782e-43, 2.744305386133291e-43, 4.281440640868585e-43, 2.6787350823133062e-43, 4.131351829794562e-43, 5.034571056329573e-43, 5.827935928313855e-43, 3.726660060053801e-43, 2.690620041895108e-43, 2.988354605014184e-43, 2.7064780628926173e-43, 5.087264020890349e-43, 1.133665484425105e-42, 3.0387685466629993e-43, 2.6798387419211396e-43, 1.0183173576390702e-42, 7.690542216700784e-43, 2.6812953802051768e-43, 2.89940612737096e-43, 1.687443822306259e-42, 3.6899784195780406e-43, 3.0678411662665584e-43, 2.680185120522897e-43, 2.990040052007228e-43, 4.173030673496784e-43, 2.6887566016415e-43, 2.8352651395672843e-43, 2.701587997514432e-43, 9.650724347526137e-43]
AVG = 4.795258154213328e-43
Results for SIGMOID with PSO 2D algorithm:
[0.5, 0.5, 0.5, 0.5, 0.5, 0.5, 0.5, 0.5, 0.5, 0.5, 0.5, 0.5, 0.5, 0.5000000000000001, 0.5000000000000001, 0.5, 0.5, 0.5, 0.5, 0.5, 0.5, 0.5000000000000001, 0.5, 0.5000000000000002, 0.5, 0.5000000000000001, 0.5, 0.5000000000000001, 0.5000000000000003, 0.5]
AVG = 0.5
Results for TRIANGLE with PSO 2D algorithm:
[-1.0, -0.9999999999637907, -1.0, -1.0, -0.9999999999999929, -1.0, -0.9999999999861018, -1.0, -0.9999999999995062, -0.9999999999997087, -0.9999999999986002, -1.0, -0.9999999999999858, -1.0, -0.9999999999999964, -1.0, -0.999999999999929, -1.0, -0.9999999999999929, -0.9999999999999929, -0.9999999999972857, -0.9999999999998579, -1.0, -0.9999999999917435, -0.9999999999998828, -0.999999999999968, -1.0, -0.9999999999952429, -0.9999999999999858, -0.9999999999998437]
AVG = -0.9999999999977136
Results for QUADRATIC_SINE with PSO 2D algorithm:
[-1.299038105676658, -1.299038105676658, -1.299038105676658, -1.299038105676658, -1.299038105676658, -1.299038105676658, -1.299038105676658, -1.299038105676658, -1.299038105676658, -1.299038105676658, -1.299038105676658, -1.299038105676658, -1.299038105676658, -1.299038105676658, -1.299038105676658, -1.299038105676658, -1.299038105676658, -1.299038105676658, -1.299038105676658, -1.299038105676658, -1.299038105676658, -1.299038105676658, -1.299038105676658, -1.299038105676658, -1.299038105676658, -1.299038105676658, -1.299038105676658, -1.299038105676658, -1.299038105676658, -1.299038105676658]
AVG = -1.299038105676658
Results for GAUSSIAN_BELL with PSO 2D algorithm:
[0.0, 0.0, 0.0, 0.0, 0.0, 0.0, 0.0, 0.0, 0.0, 0.0, 0.0, 0.0, 0.0, 0.0, 0.0, 0.0, 0.0, 0.0, 0.0, 0.0, 0.0, 0.0, 0.0, 0.0, 0.0, 0.0, 0.0, 0.0, 0.0, 0.0]
AVG = 0.0
Results for SAWTOOTH with PSO 2D algorithm:
[-0.9999999999988063, -0.9999999999401439, -1.0, -0.9999999996848032, -1.0, -0.9999999942881743, -1.0, -0.9999999999999574, -1.0, -0.9999999973870501, -1.0, -0.9999999999999147, -1.0, -0.9999999999999858, -1.0, -0.9999999999999929, -0.9999999999999858, -1.0, -1.0, -1.0, -1.0, -1.0, -1.0, -1.0, -1.0, -1.0, -0.9999999999983515, -1.0, -1.0, -1.0]
AVG = -0.9999999997099055
Results for TANH with PSO 2D algorithm:
[1.9201289285917797e-18, 4.602318025714557e-18, 1.0, 6.548607653835808e-18, 6.581636840019717e-18, 1.0940154452811146e-17, 4.743385856665276e-16, 3.0533887940036637e-17, 1.6326598676926025e-17, 6.765131976970598e-17, 4.3385653562841966e-16, 4.3166496712463976e-16, 1.5268584715425068e-16, 5.541122407562618e-16, 6.542439286260015e-17, 1.0508183285960038e-16, 6.739161049595688e-17, 1.15417725796428e-17, 4.873296083202142e-16, 3.532214722087637e-18, 3.304843343166738e-17, 5.01352273879862e-17, 2.42728701711329e-17, 5.805549656927955e-17, 2.9440375338926117e-17, 3.2283102066887796e-17, 2.3856910499989016e-16, 4.400668569647951e-17, 4.4743105919667115e-16, 5.988623706675543e-18]
AVG = 0.03333333333333346
Results for LOGISTIC_SIGMOID with PSO 2D algorithm:
[0.5000000000000001, 0.5000000000000001, 0.5, 0.5, 0.5000000000000001, 0.5, 0.5000000000000001, 0.5, 0.5, 0.5, 0.5000000000000002, 0.5, 0.5, 0.5, 0.5, 0.5000000000000011, 0.5, 0.5, 0.5, 0.5, 0.5, 0.5, 0.5000000000000001, 0.5000000000000001, 0.5000000000000001, 0.5000000000000001, 0.5000000000000001, 0.5000000000000002, 0.5, 0.5]
AVG = 0.5000000000000001
Results for QUADRATIC_GROWTH with PSO 2D algorithm:
[1.0, 1.0, 1.0, 1.0, 1.0, 1.0, 1.0, 1.0, 1.0, 1.0, 1.0, 1.0, 1.0, 1.0, 1.0, 1.0, 1.0, 1.0, 1.0, 1.0, 1.0, 1.0, 1.0, 1.0, 1.0, 1.0, 1.0, 1.0, 1.0, 1.0]
AVG = 1.0
Results for QUADRATIC_DECAY with PSO 2D algorithm:
[-19998.225133310887, -19787.644474250807, -19825.55837733086, -19936.812740495217, -19439.92243516463, -19783.67309533087, -19998.989877444114, -19437.571462155734, -19998.99999999956, -19750.964421833654, -19997.524875348932, -19983.409168986145, -19522.053033737793, -19699.106737459555, -19865.551410463835, -19750.38908333695, -19732.548612296356, -19686.998769175334, -19964.932494502053, -19948.960704196514, -19412.37155446939, -19962.321644297215, -19654.54429471865, -19938.166690938215, -19877.75809005597, -19827.97882974009, -19731.13679716976, -19770.758802458502, -19601.56112637649, -19659.37733561841]
AVG = -19784.86040242208
Results for SQUARE_ROOT with PSO 2D algorithm:
[1.5909419196946653e-08, 2.843414554788045e-09, 2.1357008251451613e-09, 1.6495472560413387e-09, 2.155748401694177e-09, 1.062755175377412e-08, 2.4109716903577265e-08, 1.2164205880315502e-08, 1.0801048214914269e-08, 2.424623411170652e-08, 2.0864559682088495e-09, 1.001706938274904e-09, 8.048858887451152e-10, 1.5652094949422052e-08, 4.728330976934959e-09, 4.607124647256457e-09, 6.2601209100738604e-09, 1.4936013788257988e-09, 3.1896006420367826e-08, 4.092710549912836e-09, 2.1688990741510616e-09, 1.843918669627196e-08, 6.426367554528382e-09, 3.2663313035933737e-09, 4.229776122784401e-09, 1.5751530230717058e-08, 3.7062259703014796e-09, 3.540180672525909e-09, 8.119529781291671e-08, 1.9187045661696265e-08]
AVG = 1.1239215560880412e-08
Results for CUBIC with PSO 2D algorithm:
[2.2142148186934646e-52, 8.489924270668175e-53, 1.2490057739692975e-50, 1.4343236121053344e-47, 6.4858683730680345e-52, 8.067876082130404e-52, 3.1924849460652314e-53, 3.5931624979637176e-50, 5.987283512683349e-47, 3.748831414617552e-46, 4.1557619478468674e-49, 1.2635351571813586e-48, 8.289097522969018e-52, 3.601611282574701e-53, 2.785112434194041e-49, 1.7223552114253444e-51, 5.65599371241917e-49, 5.80495952000404e-56, 2.0328934252415722e-48, 5.787111285460981e-54, 3.181398673323896e-48, 2.5702538643397377e-47, 1.4056330443019346e-50, 3.7120042137324793e-50, 1.9568785122019838e-51, 8.844093081907929e-48, 1.668195970998623e-48, 2.1343114844425104e-51, 8.132329744585775e-49, 4.675007756231333e-49]
AVG = 1.6481345473759125e-47
Results for LOGARITHMIC with PSO 2D algorithm:
[0.0, 0.0, 0.0, 0.0, 2.2204460492503128e-16, 0.0, 1.110223024625156e-15, 0.0, 0.0, 0.0, 0.0, 0.0, 0.0, 0.0, 0.0, 2.2204460492503128e-16, 0.0, 0.0, 0.0, 0.0, 0.0, 0.0, 2.2204460492503128e-16, 0.0, 2.2204460492503128e-16, 0.0, 0.0, 0.0, 0.0, 0.0]
AVG = 6.661338147750937e-17
Results for POWER with PSO 2D algorithm:
[1.1948381675739234e-53, 2.405510488640825e-50, 2.1251933302057395e-50, 1.0958152154028566e-50, 2.4504467530202635e-52, 2.193191552673475e-49, 3.636349261067609e-51, 2.6056426466037295e-49, 2.756236247016639e-51, 1.0530949564168257e-47, 6.075521572489542e-51, 1.033717667900874e-47, 1.1348166224730026e-50, 3.2394950908507833e-50, 8.59778868717909e-50, 6.679615602632331e-47, 1.6344608854985933e-47, 5.604137063461902e-48, 6.848628633820877e-50, 7.545402090963282e-46, 8.311946343526626e-49, 1.2369773920374412e-49, 1.2602638710872642e-51, 1.2391740939908377e-47, 9.543735824503448e-53, 1.8441729658203468e-53, 2.311044315608585e-47, 4.754353920427771e-53, 1.0345471566988786e-47, 1.2403780995801173e-49]
AVG = 3.0394277527267434e-47
Results for REULEAUX_TRIANGLE with PSO 2D algorithm:
[1.0, 1.0, 1.0, 1.0, 1.0, 1.0, 1.0, 1.0, 1.0000000000000013, 1.0, 1.0000000000000004, 1.0000000000000004, 1.0, 1.0000000000000018, 1.0, 1.0, 1.0, 1.0000000000000004, 1.0000000000000004, 1.0, 1.0, 1.0, 1.0000000000000004, 1.0, 1.0000000000000004, 1.0000000000000004, 1.0, 1.0, 1.0000000000000004, 1.0]
AVG = 1.0000000000000002
Results for DIRICHLET with PSO 2D algorithm:
[-0.21723362821122166, -0.21723362821122166, -0.21723362821122166, -0.21723362821122166, -0.21723362821122166, -0.21723362821122166, -0.21723362821122166, -0.21723362821122166, -0.21723362821122166, -0.21723362821122166, -0.21723362821122166, -0.21723362821122166, -0.21723362821122166, -0.21723362821122166, -0.21723362821122166, -0.21723362821122166, -0.21723362821122166, -0.21723362821122166, -0.21723362821122166, -0.21723362821122166, -0.21723362821122166, -0.21723362821122166, -0.21723362821122166, -0.21723362821122166, -0.21723362821122166, -0.21723362821122166, -0.21723362821122166, -0.21723362821122166, -0.21723362821122166, -0.21723362821122166]
AVG = -0.2172336282112217
Results for LOGARITHMIC_GROWTH with PSO 2D algorithm:
[0.0, 0.0, 0.0, 0.0, 0.0, 2.2204460492503128e-16, 0.0, 0.0, 0.0, 0.0, 0.0, 0.0, 0.0, 0.0, 0.0, 0.0, 0.0, 0.0, 0.0, 0.0, 8.881784197001248e-16, 5.551115123125767e-15, 0.0, 0.0, 2.2204460492503128e-16, 2.2204460492503128e-16, 0.0, 0.0, 0.0, 0.0]
AVG = 2.368475785866995e-16
Results for LOGARITHMIC_DECAY with PSO 2D algorithm:
[-4.95204033906437, -4.953106109258497, -4.949023396786259, -4.958083238029286, -4.955364045889866, -4.951856824530762, -4.951703518970956, -4.957509605159664, -4.956371238293352, -4.950417326133485, -4.949542937269306, -4.9541857367816275, -4.951989165199002, -4.95492358956485, -4.947200129282032, -4.948679946521764, -4.954735121505215, -4.958496185005932, -4.948590635063405, -4.954224259804001, -4.955062617083416, -4.947252438905743, -4.956842656792647, -4.958629244217357, -4.957613291173505, -4.948995367847786, -4.948115548611953, -4.95878693755236, -4.955000246075017, -4.958667942065678]
AVG = -4.953433654614638
Results for INVERTED_SINE with PSO 2D algorithm:
[-1.0, -1.0, -1.0, -0.9999999999999999, -1.0, -1.0, -1.0, -1.0, -1.0, -1.0, -1.0, -1.0, -1.0, -1.0, -1.0, -1.0, -1.0, -1.0, -1.0, -1.0, -1.0, -1.0, -1.0, -1.0, -1.0, -1.0, -1.0, -1.0, -1.0, -1.0]
AVG = -1.0
Results for RASTRIGIN with PSO 2D algorithm:
[1.9899181141865796, 0.0, 1.9899181141865832, 1.9899181141865796, 0.0, 1.9899181141865832, 1.9899181141865796, 0.0, 1.9899181141865796, 0.0, 0.0, 1.9899181141865796, 0.0, 1.9899181141865796, 1.9899181141865796, 0.0, 0.0, 1.9899181141865796, 0.0, 0.0, 0.0, 0.0, 1.9899181141865796, 2.2026824808563106e-13, 1.9899181141865796, 0.0, 0.0, 0.0, 0.0, 1.9899181141865832]
AVG = 0.8622978494808589
Results for ACKLEY with PSO 2D algorithm:
[4.440892098500626e-16, 4.440892098500626e-16, 4.440892098500626e-16, 4.440892098500626e-16, 4.440892098500626e-16, 4.440892098500626e-16, 4.440892098500626e-16, 4.440892098500626e-16, 4.440892098500626e-16, 3.9968028886505635e-15, 4.440892098500626e-16, 4.440892098500626e-16, 4.440892098500626e-16, 4.440892098500626e-16, 4.440892098500626e-16, 3.9968028886505635e-15, 4.440892098500626e-16, 4.440892098500626e-16, 4.440892098500626e-16, 4.440892098500626e-16, 4.440892098500626e-16, 4.440892098500626e-16, 4.440892098500626e-16, 4.440892098500626e-16, 4.440892098500626e-16, 4.440892098500626e-16, 4.440892098500626e-16, 3.9968028886505635e-15, 4.440892098500626e-16, 3.9968028886505635e-15]
AVG = 9.177843670234628e-16
Results for MICHALEWICZ with PSO 2D algorithm:
[-1.8717931853016534, -1.9900281108448297, -1.962429728764889, -1.929916123599123, -1.8013034100985386, -1.976301332793223, -1.9908455565814414, -1.9871352925849404, -1.9768701266725937, -1.996137233743553, -1.9973434437431568, -1.9731818884471193, -1.9140323638674137, -1.8390008584340607, -1.9547044082355098, -1.9907666894564398, -1.9676901795339181, -1.9919112570241273, -1.9993015754059433, -1.9826662837893214, -1.9625526673720872, -1.9700510245736633, -1.9768701266725937, -1.8489878341138017, -1.9897361335575745, -1.9982837300663712, -1.972837880435795, -1.940238069446273, -1.983132135812263, -1.987843641396637]
AVG = -1.9574630764122953
