Results for SCHAFFER_F7 with PSO 2D algorithm:
[3.1629576110100817e-17, 1.5683289161727796e-16, 3.497155847643308e-18, 3.02989658979693e-16, 2.1617093914566556e-15, 1.3799514648662883e-17, 6.454115751414664e-17, 7.76992377618553e-18, 3.711930821852261e-16, 2.0188387701425188e-17, 5.03022152370639e-18, 1.4961075935567933e-16, 5.153824533568981e-18, 2.9324496969733775e-17, 2.3887824564588832e-18, 9.140729983392825e-16, 3.29750413914196e-17, 4.6980987896249e-18, 1.6399145043795791e-16, 2.7357442677875806e-17, 1.2794076141044641e-17, 1.3627735098153663e-15, 1.1114820739066515e-17, 3.5947897892035413e-16, 2.8621114180829812e-18, 8.868222922158759e-18, 3.633647557994812e-18, 4.631913085785537e-17, 2.8350856912682025e-18, 2.1969368078176344e-17]
AVG = 2.1004676028178977e-16
Results for GRIEWANK with PSO 2D algorithm:
[0.007396040334114895, 0.007396040334114895, 0.019719489248184674, 0.007396040334114895, 1.235425428625092e-09, 1.1110515546475241e-06, 0.019719489248184785, 0.007396040334114895, 0.007396040334114895, 0.009864672061006163, 0.027125384395415453, 0.019719489248184674, 0.007396040334114895, 0.007396040334114895, 0.007396040334114895, 0.019719489248184674, 0.007396040348955024, 0.007396040334114895, 0.0, 0.007396040334114895, 0.009864672061006052, 0.009864672061006163, 0.007396040334114895, 0.0, 0.007396040334114895, 0.007396040334114895, 0.007396040334114895, 0.007396040334114895, 1.1890488593735427e-12, 0.0]
AVG = 0.008464503840667341
Results for LEVY with PSO 2D algorithm:
[1.4997597826618576e-32, 1.4997597826618576e-32, 2.122128241318715e-31, 6.430140440293181e-32, 1.4997597826618576e-32, 1.4997597826618576e-32, 1.4997597826618576e-32, 1.4997597826618576e-32, 1.4997597826618576e-32, 8.64320307979493e-31, 1.4997597826618576e-32, 6.430140440293181e-32, 1.4997597826618576e-32, 1.4997597826618576e-32, 2.122128241318715e-31, 1.4997597826618576e-32, 1.4997597826618576e-32, 2.7323549470696886e-32, 1.4997597826618576e-32, 1.4997597826618576e-32, 1.4997597826618576e-32, 1.4997597826618576e-32, 1.4997597826618576e-32, 1.4997597826618576e-32, 2.122128241318715e-31, 1.4997597826618576e-32, 2.8413990185783045e-29, 1.4997597826618576e-32, 1.4997597826618576e-32, 1.4997597826618576e-32]
AVG = 1.0133607492206776e-30
Results for EGGHOLDER with PSO 2D algorithm:
[-126.4238322097217, -126.4238322097217, -126.4238322097217, -126.4238322097217, -126.4238322097217, -126.42383220972168, -226.7030539097164, -126.4238322097217, -126.4238322097217, -126.4238322097217, -126.4238322097217, -88.30425945369828, -126.4238322097217, -227.07791819318862, -227.05019733142473, -111.78879672928775, -88.30425945369828, -123.90763980656689, -126.4238322097217, -126.4238322097217, -126.4238322097217, -126.4238322097217, -126.4238322097217, -226.64365605578183, -111.78879672928775, -111.78879672928774, -126.42383220972168, -126.4238322097217, -218.21957440219103, -126.4238322097217]
AVG = -138.78765869262804
Results for ROSENBROCK with PSO 2D algorithm:
[7.522692345553082e-07, 7.5076298849181e-09, 2.6954840470185095e-12, 0.00016655028288876334, 3.186297763302188e-10, 6.328157492220268e-07, 3.180815732165839e-06, 3.3703007451370066e-05, 6.1768901658748945, 37.529321402113716, 9.796956455430617, 30.345363840807295, 7.352283717932619e-11, 1.9010092437871206e-08, 2.2001960230269417e-09, 4.650643529043511e-11, 5.9944591515889144e-09, 9.980354960170132e-13, 0.0001931111221057092, 5.739910599326267e-09, 3.819782728140003e-07, 1.1471832242126859e-06, 1.1889798552132987e-10, 1.3050451638726293e-11, 0.6959229329669363, 24.519633882278253, 2.908868648998883e-07, 3.0920046326978256e-12, 1.5736038712488289e-07, 11.840319889118886]
AVG = 4.030160283911407
Results for ZAKHAROV with PSO 2D algorithm:
[7.910556133439656e-37, 4.169062387428768e-33, 2.0825865855132466e-34, 3.105469677017536e-35, 3.8958539661263693e-32, 2.6087602722784626e-36, 1.2963387396648822e-33, 3.1487052163297734e-34, 1.2182156377035927e-31, 3.1096075476230072e-34, 7.139801241184673e-31, 2.8147791828814224e-35, 5.596317340883515e-33, 5.947608896196281e-38, 7.33601374503228e-34, 2.1050744618856372e-35, 1.3474434503431788e-36, 2.018366101663621e-30, 6.715885003250572e-35, 5.331035864482712e-32, 2.1900001848093606e-33, 1.204366504686518e-31, 1.1797860518903806e-32, 3.297378590521115e-37, 1.1036831541090801e-32, 3.375931033385822e-38, 5.235710816266709e-32, 4.234501122441696e-30, 1.2883806067240744e-34, 3.414764743111158e-32]
AVG = 2.4752715795871375e-31
Results for SALOMON with PSO 2D algorithm:
[0.09987334584681097, 3.160448189866887e-10, 2.2314866939691984e-14, 0.09987334584681097, 0.09987334584681097, 5.145603627775627e-07, 0.09987334584681097, 0.09987334584681101, 1.438774766055774e-05, 2.2944434241722095e-10, 0.099873345846811, 3.536618670665546e-18, 0.09987334584681097, 0.09987334584681097, 5.397589477151955e-16, 4.2140783086675434e-16, 9.522402958761337e-14, 0.09987334584681097, 0.09987334584681097, 0.09987334584681098, 2.246814650985149e-14, 4.4383229120412373e-16, 4.873460285382569e-15, 8.261495234197956e-15, 0.09987334584681097, 1.8065564776145645e-15, 0.09987334584681097, 2.743131248535802e-16, 7.22058175153638e-15, 1.339374200461968e-16]
AVG = 0.04327894662874065
Results for SCHAFFER_N2 with PSO 2D algorithm:
[0.0, 0.0, 0.0, 0.0, 0.0, 0.0, 0.0, 0.0, 0.0, 0.0, 0.0, 0.0, 0.0, 0.0, 0.0, 0.0, 0.0, 0.0, 0.0, 0.0, 0.0, 0.0, 0.0, 0.0, 0.0, 0.0, 0.0, 0.0, 0.0, 0.0]
AVG = 0.0
Results for SCHWEFEL with PSO 2D algorithm:
[710.6958360968911, 750.2478578253772, 722.5900077684418, 710.695836096891, 710.6958360968911, 720.4770506408147, 710.6958360968911, 710.695836096891, 710.695836096891, 750.2478578253772, 710.6958360968911, 710.6958360968911, 710.695836096891, 720.9085886149347, 721.8969055943684, 710.6958360968911, 750.2478578253772, 724.8070377574379, 725.1021857519926, 710.695836096891, 721.5669406729708, 710.6958360968911, 710.6958360968911, 750.2478578253772, 710.6958360968911, 720.5437486304162, 750.2478578253772, 710.695836096891, 710.695836096891, 710.6958360968911]
AVG = 720.3653656068469
Results for DIXON_PRICE with PSO 2D algorithm:
[3.697785493223493e-32, 4.930380657631324e-32, 3.697785493223493e-32, 3.697785493223493e-32, 7.468294101147048e-29, 1.4791141972893971e-31, 8.258387601532467e-31, 2.406149020440527e-28, 3.697785493223493e-32, 4.930380657631324e-32, 1.1931521191467804e-29, 4.437342591868191e-31, 3.697785493223493e-32, 1.7552155141167513e-29, 1.873544649899903e-30, 7.363030474106619e-28, 4.930380657631324e-32, 9.860761315262648e-32, 1.2079432611196743e-30, 4.930380657631324e-32, 3.697785493223493e-32, 1.355854680848614e-31, 1.355854680848614e-31, 1.4922783136452728e-27, 8.914128228997433e-29, 1.0846837446788912e-30, 1.873544649899903e-30, 1.355854680848614e-31, 1.355854680848614e-31, 3.697785493223493e-32]
AVG = 8.903527910583526e-29
