Results for IDENTITY with PSO 30D algorithm:
[8.429009219653183e-12, 2.641212185512531e-12, 2.3984374174312778e-12, 1.3598212724972348e-11, 1.6272954412586882e-12, 8.218724922995665e-12, 2.0046667934785598e-11, 7.027759171369232e-13, 1.9376158542558357e-09, 3.6786866060489424e-13, 3.4865413083903064e-12, 4.446172703704008e-13, 2.399413381235276e-12, 1.315249812342325e-11, 2.4638274696912612e-12, 1.5437827936146648e-12, 2.4779323898202116e-12, 6.859260142938792e-12, 2.1279208241191092e-11, 3.2255623851327127e-11, 1.5671222644623105e-12, 1.9413932638299037e-11, 2.721100649804411e-11, 1.3607604882183522e-10, 3.812900667585375e-12, 1.4693555871990886e-11, 7.669095643208035e-12, 1.5780255229167517e-11, 9.886153771149351e-12, 9.698002829520726e-12]
AVG = 7.759389459624842e-11
Results for LINEAR with PSO 30D algorithm:
[1.0156588747001988e-11, 1.741762796385015e-11, 2.7223361529242737e-11, 7.612905236833524e-12, 8.699026470446757e-11, 3.229615549906118e-11, 2.782811014956045e-12, 5.681930882269487e-12, 1.2792265304778042e-11, 3.926309568678064e-12, 2.5897461526293035e-11, 6.0734635083623096e-12, 2.80584402681495e-11, 5.7825357823806435e-12, 1.2596045944402772e-11, 1.7396526145166166e-11, 1.2149006477026651e-11, 1.8201407472043038e-11, 3.92253263411698e-11, 5.696900631187376e-12, 1.893016761488256e-11, 3.4002044252924335e-12, 1.0794293520717869e-11, 1.478337996991453e-11, 4.573898451625673e-11, 1.3736395969139631e-11, 3.651783404579836e-11, 5.1810024402091215e-12, 3.348231009433188e-12, 8.005212581341738e-12]
AVG = 1.7946434688010205e-11
Results for PARABOLA with PSO 30D algorithm:
[1.6310747582727344e-24, 2.668354572693737e-23, 8.630172556181986e-23, 2.7184401272798583e-23, 5.699882247944171e-23, 3.5925047117830385e-23, 7.125337893164566e-23, 6.542478760943166e-22, 1.612603006077852e-22, 1.5840067142152809e-22, 3.3772093729942573e-23, 1.0316140691658318e-20, 8.860901655898936e-23, 6.95018933678064e-25, 2.3649099939862893e-24, 2.8728151516623273e-21, 3.602768760062728e-24, 3.22789724930487e-24, 1.1097285637391912e-22, 2.0015194596226425e-23, 3.035459499728744e-23, 7.725246753279925e-23, 4.508230902179347e-24, 1.3443673195665725e-22, 1.9939652282258715e-23, 6.971723161813977e-23, 2.4672661838350853e-24, 2.776469745502403e-23, 5.999535940157087e-22, 1.7466663753627197e-24]
AVG = 5.2334145256027935e-22
Results for SINUS with PSO 30D algorithm:
[-1.0, -1.0, -1.0, -1.0, -1.0, -1.0, -1.0, -0.9999999999999999, -1.0, -1.0, -1.0, -1.0, -1.0, -1.0, -1.0, -1.0, -1.0, -1.0, -1.0, -1.0, -1.0, -1.0, -1.0, -1.0, -1.0, -1.0, -1.0, -1.0, -1.0, -1.0]
AVG = -1.0
Results for COSINUS with PSO 30D algorithm:
[-1.0, -1.0, -1.0, -1.0, -1.0, -1.0, -1.0, -1.0, -1.0, -1.0, -1.0, -1.0, -1.0, -1.0, -1.0, -1.0, -1.0, -1.0, -1.0, -1.0, -1.0, -1.0, -1.0, -1.0, -0.9999999999999976, -1.0, -1.0, -1.0, -1.0, -1.0]
AVG = -0.9999999999999999
Results for EXPONENTIAL_GROWTH with PSO 30D algorithm:
[1.0000000000008933, 1.0000000000037406, 1.0000000000056597, 1.0000000000020197, 1.0000000000034452, 1.0000000000077023, 1.0000000000093616, 1.0000000000055669, 1.0000000000036597, 1.0000000000099891, 1.0000000000031062, 1.0000000000085292, 1.0000000000014813, 1.0000000000135876, 1.0000000000142282, 1.0000000000089306, 1.0000000000035827, 1.0000000000009204, 1.0000000000016152, 1.0000000000011517, 1.0000000000026017, 1.0000000000011025, 1.0000000000039984, 1.0000000000134772, 1.000000000004412, 1.0000000000069578, 1.0000000000015554, 1.0000000000048426, 1.0000000000055005, 1.0000000000016158]
AVG = 1.0000000000051743
Results for EXPONENTIAL_DECAY with PSO 30D algorithm:
[3.943044186853614e-151, 8.989428886439031e-156, 2.256452281500467e-139, 3.218573112275582e-154, 3.837145854060793e-133, 3.9298863532636094e-138, 3.1484860947059687e-128, 2.513208566901988e-136, 1.3207969184581493e-130, 2.5623864530802028e-124, 1.5609156866317232e-143, 5.331641154723019e-149, 5.133572814593125e-161, 1.3045454366528154e-151, 3.1609918639220036e-135, 5.636805925329172e-143, 5.601161454587963e-137, 3.8595069051892444e-135, 2.8621371039330555e-125, 7.406109171136694e-129, 3.022416302400926e-141, 6.954697029633919e-129, 2.327676099694424e-151, 5.455963691869004e-159, 1.914285103379912e-151, 2.638102787347925e-143, 3.377604493181502e-135, 6.883060657098979e-145, 1.3295393069240042e-131, 9.583279740937992e-132]
AVG = 9.49686724557625e-126
Results for SIGMOID with PSO 30D algorithm:
[1.0, 1.0, 1.0, 1.0, 1.0, 1.0, 1.0, 1.0, 1.0, 1.0, 1.0, 1.0, 1.0, 1.0, 1.0, 1.0, 1.0, 1.0, 1.0, 1.0, 1.0, 1.0, 1.0, 1.0, 1.0, 1.0, 1.0, 1.0, 1.0, 1.0]
AVG = 1.0
Results for TRIANGLE with PSO 30D algorithm:
[-1.0, -1.0, -1.0, -1.0, -1.0, -1.0, -1.0, -1.0, -1.0, -1.0, -1.0, -1.0, -1.0, -1.0, -1.0, -1.0, -1.0, -1.0, -1.0, -0.9999999999999716, -0.9999999999999716, -1.0, -1.0, -1.0, -1.0, -0.9999996132486046, -1.0, -1.0, -1.0, -1.0]
AVG = -0.999999987108285
Results for QUADRATIC_SINE with PSO 30D algorithm:
[-1.299038105676658, -1.299038105676658, -1.299038105676658, -1.299038105676658, -1.299038105676658, -1.299038105676658, -1.299038105676658, -1.299038105676658, -1.299038105676658, -1.299038105676658, -1.299038105676658, -1.299038105676658, -1.299038105676658, -1.299038105676658, -1.2990381049609425, -1.299038105676658, -1.299038105676658, -1.299038105676658, -1.299038105676658, -1.299038105676658, -1.299038105676658, -1.299038105676658, -1.299038105676658, -1.299038105676658, -1.299038105676658, -1.299038105676658, -1.299038105676658, -1.299038105676658, -1.299038105676658, -1.299038105676658]
AVG = -1.2990381056528009
Results for GAUSSIAN_BELL with PSO 30D algorithm:
[0.0, 0.0, 0.0, 0.0, 0.0, 0.0, 0.0, 0.0, 0.0, 0.0, 0.0, 0.0, 0.0, 0.0, 0.0, 0.0, 0.0, 0.0, 0.0, 0.0, 0.0, 0.0, 0.0, 0.0, 0.0, 0.0, 0.0, 0.0, 0.0, 0.0]
AVG = 0.0
Results for SAWTOOTH with PSO 30D algorithm:
[-1.0, -1.0, -1.0, -1.0, -1.0, -1.0, -1.0, -1.0, -1.0, -1.0, -1.0, -1.0, -1.0, -1.0, -1.0, -1.0, -1.0, -1.0, -1.0, -1.0, -1.0, -1.0, -1.0, -1.0, -1.0, -1.0, -1.0, -0.9999999999999432, -1.0, -1.0]
AVG = -0.9999999999999981
Results for TANH with PSO 30D algorithm:
[1.0, 1.0, 1.0, 1.0, 1.0, 1.0, 1.0, 1.0, 1.0, 1.0, 1.0, 1.0, 1.0, 1.0, 1.0, 1.0, 1.0, 1.0, 1.0, 1.0, 1.0, 1.0, 1.0, 1.0, 1.0, 1.0, 1.0, 1.0, 1.0, 1.0]
AVG = 1.0
Results for LOGISTIC_SIGMOID with PSO 30D algorithm:
[1.0, 1.0, 1.0, 1.0, 1.0, 1.0, 1.0, 1.0, 1.0, 1.0, 1.0, 1.0, 1.0, 1.0, 1.0, 1.0, 1.0, 1.0, 1.0, 1.0, 1.0, 1.0, 1.0, 1.0, 1.0, 1.0, 1.0, 1.0, 1.0, 1.0]
AVG = 1.0
Results for QUADRATIC_GROWTH with PSO 30D algorithm:
[1.0000000000000002, 1.0000000000000002, 1.0000000000000004, 1.0000000000000002, 1.0000000000000002, 1.0000000000000002, 1.0000000000000002, 1.0000000000000002, 1.0000000000000002, 1.0000000000000002, 1.0000000000000002, 1.0000000000000002, 1.0000000000000002, 1.0000000000000002, 1.0000000000000002, 1.0000000000000002, 1.0000000000000004, 1.0000000000000002, 1.0000000000000002, 1.0000000000000002, 1.0000000000000002, 1.0000000000000002, 1.0000000000000002, 1.0000000000000002, 1.0000000000000002, 1.0000000000000002, 1.0000000000000002, 1.0000000000000002, 1.0000000000000002, 1.0000000000000002]
AVG = 1.0000000000000002
Results for QUADRATIC_DECAY with PSO 30D algorithm:
[-181539.88500886763, -181959.62644386746, -221080.39694028063, -260220.5454123962, -196589.44039191492, -204578.5769500809, -242308.01125488372, -244937.21006398357, -213928.41453251315, -241446.71204248437, -242719.77430718133, -188639.20767812128, -273602.87817698566, -259285.51383020458, -236732.91019408056, -226646.2086891861, -234861.81240173653, -243996.7001599487, -229538.6197155987, -189733.30287775176, -220198.29720111933, -258379.37967746684, -215314.6176403558, -251110.80701001617, -230085.9755628075, -211911.23529395912, -266595.909088775, -270948.4018748735, -220778.67669290316, -244520.78159118304]
AVG = -230139.6609568509
Results for SQUARE_ROOT with PSO 30D algorithm:
[8.852791035684231e-07, 2.599901654575512e-06, 1.3862682590279679e-06, 2.5325206234656253e-06, 1.7418552805229677e-06, 2.7919540712979905e-06, 2.357313602435671e-06, 1.868942561170488e-06, 2.99582642959221e-06, 2.0163415711561715e-06, 4.732560454076893e-06, 2.9472665944655487e-06, 2.8104585237562467e-06, 1.8758117054156536e-06, 8.944005656513669e-07, 8.836059187181308e-07, 1.932620966226523e-06, 6.094831436789063e-06, 9.46733497686578e-07, 1.8001761590133081e-06, 4.282544803433923e-06, 2.0876823396049077e-06, 2.149108704068312e-06, 2.4163463006698433e-06, 3.399761291002186e-06, 3.4400854837247958e-06, 2.7283815323782992e-06, 3.137228665787607e-06, 2.996403242956904e-06, 1.7453287005133987e-06]
AVG = 2.4825846680917506e-06
Results for CUBIC with PSO 30D algorithm:
[1.3861602610104294e-33, 1.056172212383939e-34, 6.864555088534512e-32, 2.104503967153493e-34, 5.949032903405733e-31, 2.4228613641933053e-35, 7.834471462096746e-35, 2.880770606345585e-35, 2.906757193627225e-35, 3.8223258590542025e-37, 5.028684578479485e-33, 3.5864449395767038e-34, 2.9975006298658835e-32, 5.943485781127984e-35, 6.836017169786486e-34, 3.157971185516711e-36, 1.6813699529606186e-31, 3.540187393635011e-35, 5.504225201649983e-35, 6.963948399157611e-35, 7.283860945316739e-35, 3.88715319235709e-37, 1.158911482506044e-33, 2.7753599691990387e-34, 3.403497807006043e-35, 8.800182983925927e-34, 2.1355139520936205e-35, 1.0093733821250532e-32, 2.194058473013908e-34, 8.721889977446177e-33]
AVG = 2.9709920721099626e-32
Results for LOGARITHMIC with PSO 30D algorithm:
[6.832978627334644e-12, 1.3651302310781607e-12, 7.745803998174794e-12, 1.9706902776112198e-11, 2.5028867867118207e-12, 6.716405209749792e-12, 7.29758475843685e-11, 6.475042724197875e-12, 8.062439604824636e-13, 1.4843681839227327e-12, 1.8278711877411872e-12, 9.9424912746787e-12, 1.3256062914015582e-12, 2.1951329642864503e-12, 3.041344953653529e-12, 1.7430501486599767e-12, 4.320543922621926e-12, 4.96802599058031e-12, 7.450262629021823e-12, 2.8548274854803773e-11, 1.6880052910863336e-11, 2.5577318041281645e-12, 2.3634427748192403e-12, 4.048095192380052e-12, 9.350298313349354e-12, 5.549338766270985e-12, 4.7801762548146486e-12, 5.798250768390532e-12, 1.7647217020866075e-11, 7.97628629779887e-11]
AVG = 1.1357056036115108e-11
Results for POWER with PSO 30D algorithm:
[2.8932007631359953e-34, 2.728298812216748e-34, 1.8995251993122866e-38, 3.4845509676874887e-34, 1.0069315582555657e-35, 3.6602968149791176e-36, 1.808260016668727e-36, 6.042383289958785e-35, 6.943726153946581e-33, 2.772748538954991e-35, 2.122804864387736e-36, 2.2573801452044565e-33, 1.377382208130296e-33, 2.7098424285668734e-31, 5.982946703422138e-34, 4.3022285957954736e-36, 2.164597799588794e-37, 4.088726402121217e-32, 3.91201803848433e-33, 2.961344507919428e-35, 3.509988413107596e-35, 1.2067590174635377e-36, 4.667327224649466e-34, 2.297887734108924e-33, 1.208905115960355e-36, 2.424051338420288e-34, 1.1377793546834408e-34, 1.5105709282914689e-33, 9.572247237688083e-36, 8.451123383591269e-34]
AVG = 1.1117815028687437e-32
Results for REULEAUX_TRIANGLE with PSO 30D algorithm:
[1.0000000000043445, 1.000000000001533, 1.0000000000039933, 1.0000000000047966, 1.0000000000185354, 1.0000000000319296, 1.0000000000450342, 1.0000000000073115, 1.0000000000097504, 1.0000000000006324, 1.0000000000095706, 1.0000000000029958, 1.0000000000250173, 1.000000000001458, 1.0000000000053655, 1.0000000000234115, 1.000000000002696, 1.0000000000036153, 1.0000000000078875, 1.000000000028705, 1.0000000000057132, 1.000000000003355, 1.0000000000072062, 1.0000000000209055, 1.0000000000038938, 1.000000000002271, 1.0000000000156595, 1.0000000000445457, 1.0000000000017164, 1.000000000005167]
AVG = 1.0000000000116338
Results for DIRICHLET with PSO 30D algorithm:
[-0.033525135021398755, -0.057971802346153886, -0.057971802346153886, -0.057971802346153886, -0.057971802346153886, -0.04247961697761265, -0.057971802346153886, -0.057971802346153886, -0.04247961697761265, -0.04247961697761265, -0.057971802346153886, -0.04247961697761265, -0.033525135021398755, -0.02768973230114919, -0.057971802346153886, -0.057971802346153886, -0.057971802346153886, -0.057971802346118415, -0.04247961697761265, -0.057971802346153886, -0.02768973230114919, -0.033525135021398755, -0.04247961697761265, -0.04247961697761265, -0.057971802346153886, -0.04247961697761265, -0.04247961697761265, -0.057971802346153886, -0.057971802346153886, -0.057971802346153886]
AVG = -0.04886067533344785
Results for LOGARITHMIC_GROWTH with PSO 30D algorithm:
[2.645239582897404e-11, 1.5633272454229554e-11, 6.439293542823835e-13, 8.699330144755963e-11, 8.031353360135157e-13, 4.636580008713567e-11, 5.723199691926305e-12, 7.082112674058796e-12, 1.9411361406962762e-11, 7.340794638818841e-13, 1.9876766898876483e-11, 9.566347713939366e-12, 1.534528060164625e-11, 2.4050095248350788e-11, 2.865707671158348e-12, 1.3720136138308272e-12, 3.461675390780639e-13, 5.039302308760889e-12, 5.8233418087469155e-12, 1.4790391134045398e-12, 1.862732190714353e-12, 1.5691892229928845e-11, 2.2215562722724704e-12, 3.1696867352997987e-12, 1.5226708782618097e-11, 1.2290390927129881e-11, 2.577049684756593e-12, 1.2252421299755721e-12, 3.997691067062273e-12, 1.1106671138343899e-12]
AVG = 1.183267557988031e-11
Results for LOGARITHMIC_DECAY with PSO 30D algorithm:
[-6.06912168380923, -6.22619130816351, -6.130956758987296, -6.0022881544403965, -6.1233326502516165, -6.051840111041381, -6.089324390144101, -6.119415615871234, -6.228844250699537, -6.272061144736926, -6.03690959140594, -6.10467871134065, -6.143069576734444, -6.124209099368482, -6.138521003157154, -6.211810227510064, -6.285572176903563, -6.141321107298422, -6.100638291717878, -6.196916971865354, -6.193680076909337, -6.215259640909626, -6.038463682220085, -6.121748136112857, -6.074742580649695, -6.047647010480532, -6.154661205723207, -6.167314536063934, -5.978006651944522, -6.229275167391557]
AVG = -6.133927383795085
Results for INVERTED_SINE with PSO 30D algorithm:
[-1.0, -1.0, -1.0, -1.0, -1.0, -1.0, -1.0, -1.0, -1.0, -1.0, -1.0, -1.0, -1.0, -1.0, -1.0, -1.0, -1.0, -1.0, -0.9999999999877509, -1.0, -0.9999999999999996, -1.0, -1.0, -1.0, -1.0, -1.0, -1.0, -1.0, -1.0, -1.0]
AVG = -0.9999999999995917
Results for RASTRIGIN with PSO 30D algorithm:
[268.63803724461036, 477.5773137738463, 477.5773137738463, 477.5773137738463, 477.5773137738463, 119.3949357166224, 268.63803724461036, 268.63803724461036, 268.63803724461036, 746.2116880362669, 268.63803724461036, 268.63803724461036, 268.63803724461036, 268.63803724461036, 477.5773137738463, 746.2116880362669, 268.63803724461036, 268.63803724461036, 477.5773137738463, 477.5773137738463, 268.63803724461036, 746.2116880362669, 477.5773137738463, 477.5773137738463, 746.2116880362669, 746.2116880362669, 746.2116880362669, 268.63803724461036, 477.5773137738463, 268.63803724461036]
AVG = 428.82442286175404
Results for ACKLEY with PSO 30D algorithm:
[19.97443918978496, 19.989720875868226, 19.998698520692155, 19.992127143218944, 19.99283015712101, 19.990203951578106, 19.99933273460977, 19.79515381783261, 19.999837567177213, 3.093024951879468, 19.923618748558912, 19.648654085268838, 19.99984578679227, 1.1551485027098285, 19.991660276884776, 19.98779190129135, 1.155148502709825, 19.998578171897513, 19.979958386860133, 19.98518112478129, 19.995568429066513, 19.99321308091943, 19.867953735095448, 19.968894752510316, 19.998910467505727, 19.97530534253683, 19.941967087088432, 19.99260667124341, 19.987279227335218, 19.884595099373335]
AVG = 18.141908276339727
Results for MICHALEWICZ with PSO 30D algorithm:
[-12.584595868809249, -19.971487509255546, -15.587779354578537, -11.604021762486184, -10.046202001093432, -19.395722075391095, -11.39607663299389, -9.2115577432617, -18.12846938691258, -10.80934444152956, -19.01112512072105, -7.908381435291848, -15.93677375915486, -14.519897486326435, -14.834456938797926, -13.428449241075054, -16.029336455718948, -18.095853025419373, -9.945155757165, -12.28519418433741, -15.399090023458577, -9.838875130108724, -16.039672629712637, -12.992964836968586, -17.887789905024885, -17.725247573730606, -8.996203291190525, -18.80038285284627, -14.060782123219067, -10.091127191036518]
AVG = -14.085400524587198
