Results for IDENTITY with PSO 10D algorithm:
[2.8420908985028375e-22, 2.291852021891064e-22, 5.634204977550063e-22, 1.4832285942151366e-21, 9.146802062627072e-22, 9.854258309104439e-22, 1.0973850164547943e-22, 9.00216096246892e-23, 8.10556963663965e-22, 1.9483074173729754e-23, 2.8559575110469304e-21, 1.221591834601557e-21, 1.047312364335693e-21, 1.53562469318718e-22, 1.490052202828651e-21, 1.1559344937412591e-21, 5.388953237450783e-22, 3.259533473142184e-23, 4.703176869614609e-22, 8.950314418297954e-22, 7.851015926094649e-23, 3.822108426772505e-22, 3.293687650450384e-22, 3.4135472535070024e-21, 3.0435349059391058e-22, 8.167700816518362e-22, 1.189752962112666e-21, 1.0675784597940177e-21, 2.7671237137469853e-21, 2.5579579374976294e-21]
AVG = 9.419457966439465e-22
Results for LINEAR with PSO 10D algorithm:
[1.2663511400153426e-21, 6.248033665659528e-22, 1.7178072690264367e-22, 4.837732696962127e-21, 1.4197757331278622e-22, 3.0375125431687206e-22, 1.1100278975532316e-22, 6.42085818380774e-22, 2.9512845577628693e-21, 1.7329147071247565e-21, 6.387083133239141e-22, 2.6964784516857285e-21, 2.1765996743621803e-21, 3.2747042547278045e-22, 3.4007327558339815e-22, 1.6092640808022156e-21, 7.301914308692595e-22, 6.675305578064439e-22, 3.977711400291512e-22, 1.643737889828479e-21, 2.5983541396333686e-21, 4.675204290073488e-22, 9.783749071123092e-23, 4.96127112152746e-21, 1.0060940602072884e-21, 7.049099460770047e-22, 1.28717095293411e-21, 9.216338168256163e-22, 5.329214865693386e-22, 9.776300372296302e-22]
AVG = 1.2522284450528465e-21
Results for PARABOLA with PSO 10D algorithm:
[6.317484608682693e-43, 1.0206141710192457e-40, 1.9019347271229142e-42, 1.133969540488645e-43, 1.3632039468489647e-43, 1.7542936116890067e-42, 1.288215584699546e-41, 7.769749161595902e-45, 1.3857684618756273e-44, 3.6437224038846e-41, 1.372433938274323e-43, 1.1202438379562809e-44, 1.6980017194150774e-43, 2.515348677438807e-42, 2.479931341813331e-44, 2.4352906176439396e-43, 4.943709506646681e-44, 5.6770763887820744e-43, 1.1031678634953962e-44, 2.4505526331899284e-42, 1.569544020495143e-45, 2.7666788020552006e-43, 4.774683353105379e-44, 6.736153364658935e-44, 4.1615361401959385e-43, 1.47590300509849e-43, 3.0602701083893257e-44, 4.059842859074244e-43, 1.3261486996902106e-42, 2.9488778026592476e-44]
AVG = 5.495669494771366e-42
Results for SINUS with PSO 10D algorithm:
[-1.0, -1.0, -1.0, -1.0, -1.0, -1.0, -1.0, -1.0, -1.0, -1.0, -1.0, -1.0, -1.0, -1.0, -1.0, -1.0, -1.0, -1.0, -1.0, -1.0, -1.0, -1.0, -1.0, -1.0, -1.0, -1.0, -1.0, -1.0, -1.0, -1.0]
AVG = -1.0
Results for COSINUS with PSO 10D algorithm:
[-1.0, -1.0, -1.0, -1.0, -1.0, -1.0, -1.0, -1.0, -1.0, -1.0, -1.0, -1.0, -1.0, -1.0, -1.0, -1.0, -1.0, -1.0, -1.0, -1.0, -1.0, -1.0, -1.0, -1.0, -1.0, -1.0, -1.0, -1.0, -1.0, -1.0]
AVG = -1.0
Results for EXPONENTIAL_GROWTH with PSO 10D algorithm:
[1.0000000000000002, 1.0000000000000002, 1.0000000000000002, 1.0000000000000002, 1.0000000000000002, 1.0000000000000002, 1.0000000000000002, 1.0000000000000002, 1.0000000000000002, 1.0000000000000002, 1.0000000000000002, 1.0000000000000002, 1.0000000000000002, 1.0000000000000002, 1.0000000000000002, 1.0000000000000002, 1.0000000000000002, 1.0000000000000002, 1.0000000000000002, 1.0000000000000002, 1.0000000000000002, 1.0000000000000002, 1.0000000000000002, 1.0000000000000002, 1.0000000000000002, 1.0000000000000002, 1.0000000000000004, 1.0000000000000002, 1.0000000000000002, 1.0000000000000004]
AVG = 1.0000000000000002
Results for EXPONENTIAL_DECAY with PSO 10D algorithm:
[5.480236980179107e-90, 8.035740750759583e-86, 2.4037954363090257e-94, 3.3783802666752975e-95, 5.612945309553459e-94, 2.083786909940807e-95, 1.7744158371117725e-91, 3.007941178032713e-94, 1.624668596491406e-94, 5.90669930571876e-94, 2.4665026564865557e-94, 1.0671970648663378e-94, 1.5547424841557278e-95, 4.452398851433199e-95, 2.281251529746602e-95, 1.5861088865183345e-86, 2.1058112949350337e-94, 7.728169180008497e-89, 2.2971116417441754e-93, 1.0494291131480683e-94, 8.87801494483592e-96, 1.667299864115492e-94, 1.7913984246295335e-94, 1.241713995178751e-94, 7.406584081249151e-89, 7.179329153028672e-90, 5.738559510737636e-87, 1.245368885803802e-95, 9.071638875694597e-91, 6.900226795773006e-95]
AVG = 3.4040717702408437e-87
Results for SIGMOID with PSO 10D algorithm:
[1.0, 1.0, 1.0, 1.0, 1.0, 1.0, 1.0, 1.0, 1.0, 1.0, 1.0, 1.0, 1.0, 1.0, 1.0, 0.9999999999999389, 0.9999999999967668, 1.0, 1.0, 1.0, 1.0, 1.0, 1.0, 1.0, 1.0, 0.9837033275430692, 0.5328726446782389, 1.0, 1.0, 0.5108591677467534]
AVG = 0.9675811713321589
Results for TRIANGLE with PSO 10D algorithm:
[-1.0, -1.0, -0.9999999999999716, -1.0, -1.0, -1.0, -1.0, -1.0, -1.0, -1.0, -1.0, -1.0, -1.0, -1.0, -1.0, -1.0, -1.0, -1.0, -1.0, -1.0, -1.0, -1.0, -1.0, -1.0, -1.0, -1.0, -1.0, -1.0, -1.0, -1.0]
AVG = -0.999999999999999
Results for QUADRATIC_SINE with PSO 10D algorithm:
[-1.299038105676658, -1.299038105676658, -1.299038105676658, -1.299038105676658, -1.299038105676658, -1.299038105676658, -1.299038105676658, -1.299038105676658, -1.299038105676658, -1.299038105676658, -1.299038105676658, -1.299038105676658, -1.299038105676658, -1.299038105676658, -1.299038105676658, -1.299038105676658, -1.299038105676658, -1.299038105676658, -1.299038105676658, -1.299038105676658, -1.299038105676658, -1.299038105676658, -1.299038105676658, -1.299038105676658, -1.299038105676658, -1.299038105676658, -1.299038105676658, -1.299038105676658, -1.299038105676658, -1.299038105676658]
AVG = -1.299038105676658
Results for GAUSSIAN_BELL with PSO 10D algorithm:
[0.0, 0.0, 0.0, 0.0, 0.0, 0.0, 0.0, 0.0, 0.0, 0.0, 0.0, 0.0, 0.0, 0.0, 0.0, 0.0, 0.0, 0.0, 0.0, 0.0, 0.0, 0.0, 0.0, 0.0, 0.0, 0.0, 0.0, 0.0, 0.0, 0.0]
AVG = 0.0
Results for SAWTOOTH with PSO 10D algorithm:
[-0.9999999999999716, -1.0, -1.0, -1.0, -1.0, -1.0, -1.0, -1.0, -1.0, -1.0, -1.0, -0.9999999999999716, -1.0, -1.0, -1.0, -1.0, -1.0, -1.0, -1.0, -1.0, -1.0, -1.0, -1.0, -1.0, -1.0, -1.0, -1.0, -1.0, -1.0, -0.9999999999999716]
AVG = -0.9999999999999971
Results for TANH with PSO 10D algorithm:
[1.0, 1.0, 1.0, 1.0, 1.0, 1.0, 1.0, 1.0, 1.0, 1.0, 1.0, 1.0, 1.0, 1.0, 1.0, 1.0, 1.0, 1.0, 1.0, 1.0, 1.0, 1.0, 1.0, 1.0, 1.0, 1.0, 1.0, 1.0, 1.0, 1.0]
AVG = 1.0
Results for LOGISTIC_SIGMOID with PSO 10D algorithm:
[1.0, 1.0, 1.0, 1.0, 1.0, 1.0, 1.0, 1.0, 1.0, 1.0, 1.0, 1.0, 1.0, 1.0, 1.0, 1.0, 1.0, 1.0, 1.0, 1.0, 1.0, 0.9974904438719112, 1.0, 0.5031209023311201, 1.0, 1.0, 1.0, 1.0, 0.5048342119492257, 1.0]
AVG = 0.9668481852717419
Results for QUADRATIC_GROWTH with PSO 10D algorithm:
[1.0, 1.0, 1.0, 1.0, 1.0, 1.0, 1.0, 1.0, 1.0, 1.0, 1.0, 1.0, 1.0, 1.0, 1.0, 1.0, 1.0, 1.0, 1.0, 1.0, 1.0, 1.0, 1.0, 1.0, 1.0, 1.0, 1.0, 1.0, 1.0000000000000002, 1.0]
AVG = 1.0
Results for QUADRATIC_DECAY with PSO 10D algorithm:
[-96810.35012944399, -99764.72506744997, -98914.82380416733, -98280.88977075992, -99527.42060853116, -89701.98193541581, -90806.8592364346, -95883.89828801255, -96838.09758438768, -87779.52509669845, -96810.94931453584, -98715.44899301812, -90967.35526899133, -99483.03262526297, -89772.95874890538, -98069.6398734126, -88645.293492963, -99326.54970944599, -97432.35927355739, -97529.75221718002, -98208.3098839935, -97119.91401317735, -89209.02903104191, -98430.89859642817, -97813.97403103855, -67383.15456802795, -97358.31836184685, -96881.81828136074, -97905.8665907532, -93212.05631462786]
AVG = -94819.508357029
Results for SQUARE_ROOT with PSO 10D algorithm:
[1.711794205882794e-11, 3.8020089411187936e-11, 1.9634597014142144e-11, 2.0952057535975592e-11, 1.7558156268678978e-11, 3.960691633906748e-11, 5.516056554025541e-12, 1.9882737487201174e-12, 9.962784810372296e-12, 1.6909368152197326e-11, 8.842516645992083e-11, 2.696569758084351e-11, 1.4898283273144133e-11, 1.9333269882747316e-11, 2.3200478897167333e-11, 1.1980624911726115e-11, 2.9234352740099035e-11, 7.53795228888855e-12, 8.912169988755771e-12, 8.347802042428968e-12, 3.7411887124344e-11, 3.3022064887177375e-11, 2.1035438819755163e-11, 1.666308602909313e-11, 2.8948062494675426e-11, 2.8283824293578043e-11, 1.3826432930895532e-11, 6.363549865116917e-12, 3.08618981259902e-11, 1.4568975785343905e-11]
AVG = 2.190290867716289e-11
Results for CUBIC with PSO 10D algorithm:
[5.162312417757936e-66, 1.1227826446320486e-62, 3.5162014927980227e-66, 2.522637586679152e-64, 6.561042888428443e-65, 1.362557719950489e-63, 2.876751015110383e-66, 1.5582510943296978e-66, 3.0622651377294576e-64, 9.748945425966561e-67, 1.5056874276377576e-65, 1.7778041308222196e-67, 1.093554764528325e-65, 3.055652128892946e-63, 5.729383687215495e-66, 2.45694969108849e-68, 4.478326185157206e-63, 5.134098233205403e-64, 8.483760402867257e-64, 2.078002950372184e-64, 9.786467662688234e-63, 2.1327978605859546e-67, 1.0448473370809502e-65, 1.4271535411480678e-63, 1.4252020218141326e-63, 2.3056212364331388e-64, 3.206324906112673e-66, 4.3362531266442337e-66, 1.3851304863467562e-63, 3.2668443828229463e-63]
AVG = 1.3301208818675098e-63
Results for LOGARITHMIC with PSO 10D algorithm:
[2.2204460492503128e-16, 2.2204460492503128e-16, 2.2204460492503128e-16, 2.2204460492503128e-16, 2.2204460492503128e-16, 2.2204460492503128e-16, 2.2204460492503128e-16, 2.2204460492503128e-16, 2.2204460492503128e-16, 0.0, 2.2204460492503128e-16, 2.2204460492503128e-16, 2.2204460492503128e-16, 0.0, 2.2204460492503128e-16, 2.2204460492503128e-16, 2.2204460492503128e-16, 2.2204460492503128e-16, 0.0, 2.2204460492503128e-16, 2.2204460492503128e-16, 2.2204460492503128e-16, 2.2204460492503128e-16, 2.2204460492503128e-16, 2.2204460492503128e-16, 2.2204460492503128e-16, 2.2204460492503128e-16, 2.2204460492503128e-16, 2.2204460492503128e-16, 2.2204460492503128e-16]
AVG = 1.9984014443252816e-16
Results for POWER with PSO 10D algorithm:
[5.454893936482485e-65, 1.967916668431546e-64, 9.339692951650365e-66, 8.90954449902357e-65, 1.0898461443083461e-68, 3.628425313329504e-66, 2.373972920843149e-64, 8.04462220349055e-65, 1.4582587119713707e-68, 1.2910213946770965e-62, 7.4783055427958155e-65, 1.6994925404000666e-65, 1.1052681468151547e-66, 3.8781710067260884e-64, 6.974342559277617e-66, 1.5220939292365015e-66, 2.1319281493065472e-64, 2.1381586239325966e-65, 8.585043051882325e-64, 1.9768373502615222e-66, 1.6833926815002983e-64, 1.3823497745726842e-65, 5.132388533209723e-65, 7.933060103319971e-65, 5.798431213419861e-68, 1.6298936141835095e-64, 2.8344310649810847e-65, 3.011114341541828e-64, 1.3959718465432626e-64, 9.158665656317109e-66]
AVG = 5.3732718781188296e-64
Results for REULEAUX_TRIANGLE with PSO 10D algorithm:
[1.0000000000000004, 1.0, 1.0000000000000004, 1.0000000000000004, 1.0, 1.0000000000000004, 1.0, 1.0, 1.0000000000000004, 1.0000000000000004, 1.0000000000000004, 1.0000000000000004, 1.0, 1.0000000000000004, 1.0000000000000004, 1.0, 1.0000000000000004, 1.0000000000000004, 1.0000000000000004, 1.0000000000000004, 1.0000000000000004, 1.0000000000000004, 1.0000000000000004, 1.0000000000000004, 1.0000000000000004, 1.0000000000000004, 1.0000000000000004, 1.0000000000000004, 1.0000000000000004, 1.0000000000000004]
AVG = 1.0000000000000002
Results for DIRICHLET with PSO 10D algorithm:
[-0.09132520282305767, -0.09132520282305767, -0.21723362821122166, -0.09132520282305767, -0.21723362821122166, -0.21723362821122166, -0.21723362821122166, -0.21723362821122166, -0.057971802346153886, -0.21723362821122166, -0.09132520282305767, -0.09132520282305767, -0.09132520282305767, -0.21723362821122166, -0.09132520282305767, -0.21723362821122166, -0.09132520282305767, -0.09132520282305767, -0.09132520282305767, -0.09132520282305767, -0.21723362821122166, -0.21723362821122166, -0.09132520282305767, -0.09132520282305767, -0.09132520282305767, -0.09132520282305767, -0.09132520282305767, -0.09132520282305767, -0.09132520282305767, -0.21723362821122166]
AVG = -0.1363798454494877
Results for LOGARITHMIC_GROWTH with PSO 10D algorithm:
[2.2204460492503128e-16, 2.2204460492503128e-16, 2.2204460492503128e-16, 2.2204460492503128e-16, 2.2204460492503128e-16, 0.0, 2.2204460492503128e-16, 2.2204460492503128e-16, 0.0, 2.2204460492503128e-16, 2.2204460492503128e-16, 4.440892098500625e-16, 2.2204460492503128e-16, 2.2204460492503128e-16, 2.2204460492503128e-16, 2.2204460492503128e-16, 2.2204460492503128e-16, 2.2204460492503128e-16, 2.2204460492503128e-16, 2.2204460492503128e-16, 0.0, 2.2204460492503128e-16, 2.2204460492503128e-16, 2.2204460492503128e-16, 2.2204460492503128e-16, 2.2204460492503128e-16, 2.2204460492503128e-16, 2.2204460492503128e-16, 2.2204460492503128e-16, 2.2204460492503128e-16]
AVG = 2.0724163126336253e-16
Results for LOGARITHMIC_DECAY with PSO 10D algorithm:
[-5.632741190772735, -5.757319672015661, -5.745676042096389, -5.641990842330419, -5.745133272384134, -5.748306702576798, -5.751110091974482, -5.746876213173752, -5.748559341936074, -5.69691985775495, -5.751990682462564, -5.751045334831493, -5.746437334875529, -5.702456154835792, -5.744821765013074, -5.7411601758166855, -5.680119448682055, -5.754226584036997, -5.698946308067382, -5.718292708505464, -5.752794762761064, -5.7011922663619075, -5.754044456487857, -5.744278786176215, -5.75124375946608, -5.747986532907632, -5.7584541103337825, -5.704763940570581, -5.745552712400255, -5.700277910849829]
AVG = -5.728823965415256
Results for INVERTED_SINE with PSO 10D algorithm:
[-1.0, -1.0, -1.0, -1.0, -1.0, -1.0, -1.0, -1.0, -1.0, -1.0, -1.0, -1.0, -1.0, -1.0, -1.0, -1.0, -1.0, -1.0, -1.0, -1.0, -1.0, -1.0, -1.0, -1.0, -1.0, -1.0, -1.0, -1.0, -1.0, -1.0]
AVG = -1.0
Results for RASTRIGIN with PSO 10D algorithm:
[9.94959057093292, 39.798311905540835, 9.94959057093292, 39.798311905540835, 9.94959057093292, 39.798311905540835, 9.94959057093292, 39.798311905540835, 39.798311905540835, 9.94959057093292, 39.798311905540835, 9.94959057093292, 39.798311905540835, 39.798311905540835, 9.949590570932921, 9.94959057093292, 9.94959057093292, 39.798311905540835, 39.798311905540835, 9.94959057093292, 9.94959057093292, 9.94959057093292, 39.798311905540835, 39.798311905540835, 39.798311905540835, 39.798311905540835, 9.94959057093292, 9.94959057093292, 9.94959057093292, 9.94959057093292]
AVG = 23.87899386041662
Results for ACKLEY with PSO 10D algorithm:
[3.9968028886505635e-15, 19.987948618370734, 19.994168825876347, 19.99900808872606, 19.997501070801388, 3.9968028886505635e-15, 1.646223633103109, 3.9968028886505635e-15, 19.996699560118657, 19.999177187597063, 19.999865655492336, 19.99870888999641, 19.990283678784785, 19.976750419422853, 3.9968028886505635e-15, 19.993223267366616, 3.9968028886505635e-15, 19.999930674812862, 1.155148502709825, 19.944980642340468, 19.999586836726305, 19.99953743484316, 3.9968028886505635e-15, 19.967215942792738, 3.9968028886505635e-15, 8.147898495014516e-06, 19.995706134452416, 1.155148502709825, 19.998541944920333, 19.99988856132239]
AVG = 12.793175074039507
Results for MICHALEWICZ with PSO 10D algorithm:
[-6.352122923144378, -8.128102831713523, -7.04780273907421, -8.652715726241885, -7.694599931900725, -8.875955385270572, -8.56721254075063, -6.887010561914428, -6.708477264575983, -6.786935666467832, -7.025238466042598, -5.934506037857313, -7.9248253977084016, -5.843586587389504, -4.16004255903505, -6.6264504834419755, -8.546314084842685, -6.088770032417239, -6.505430508612669, -6.496027670618401, -6.011394566264173, -6.972945411846731, -9.096158280532412, -4.664231715951019, -8.165255052616798, -4.998662097770183, -5.91882805326958, -7.670238843691, -6.628592006835952, -6.686739973940188]
AVG = -6.922172446724602
